34027	8208
124862	17713
35141	18768
59030	9458
22	8153
842	9934
457	8009
38250	18536
2080	9354
111	8578
2028	13208
28144	7588
4398	14785
184471	14692
13772	8390
34287	13196
157169	19402
31292	7685
4595	12623
1301	7393
155016	7341
7990	16292
4902	7726
24645	16452
6156	7413
28817	7337
59981	8167
52272	7393
37504	7487
4517	7325
4838	8371
4907	7443
49810	9199
8821	13395
1014	11128
28770	8632
2242	8285
8666	15207
79013	7798
57151	7341
1711	9310
59178	9173
38706	7445
49379	19191
116480	15612
34131	9278
38006	8664
2745	8967
3399	8514
77678	15662
7429	7681
34610	8219
33068	8124
1263	7339
14921	8287
931	10968
88366	7564
23665	14875
74171	17023
11783	8473
887	10957
9629	7321
64921	9936
60053	14694
9024	7318
11063	7607
123377	11001
39605	13572
3401	12438
4952	9119
3480	8165
67078	9965
1684	8023
123376	11011
5862	11332
159558	9025
3698	14562
79219	9902
19755	9923
48138	8363
4604	7480
71244	13319
24966	8439
4913	12452
7229	8910
153362	7952
4985	11879
3236	7423
108645	7310
120930	8797
76206	8433
34674	7391
73504	7426
34893	9154
4072	14679
26750	16801
1274	11761
7334	8383
126613	7311
11626	16664
4955	8259
4991	13779
33928	8348
36681	7393
49386	12719
15474	9813
39399	9830
65946	14178
14939	12628
2798	10964
3372	8467
4752	15081
2366	12311
83362	19939
87518	13801
2587	13568
24684	17626
5890	8620
18406	12102
85818	8268
27024	11261
1255	8983
47782	11429
18974	14941
194547	18323
68424	7393
539	9265
4653	8259
38992	9629
15207	8041
95307	11379
3132	9081
41422	10938
682	9802
126029	11725
31990	7387
34311	7315
19675	17447
48290	16312
49138	14827
41235	12420
24794	8577
28423	13816
4920	12457
126570	9458
49911	9953
71326	18454
18669	8593
5343	7889
160201	9629
2822	8199
2810	13802
70003	9629
36336	9321
527	7393
2882	8600
2500	13548
145767	7393
119034	8040
36580	12075
104000	14687
86361	15827
48123	15855
29720	7806
36273	7312
27720	13478
39785	8538
4161	14699
29353	17125
83007	7435
178164	8267
40	8252
3711	14603
4359	11646
7296	11645
1174	7418
74228	9500
10200	14641
64625	8551
5781	7393
32280	8842
3400	8212
1236	11623
8317	15215
75220	7798
776	8034
43685	7420
109639	11142
11321	16584
106479	8165
33590	17671
39961	15662
81308	17854
8957	8934
119785	11092
8266	16304
128116	14098
4978	9922
42742	12223
32303	7341
44521	7341
4944	8541
13309	7371
122632	9114
71934	8882
26352	15365
2081	9173
111567	11705
33704	7481
92688	7393
124992	14525
95413	8293
131832	8379
125327	11786
31112	8178
1546	12304
64208	8306
15593	8571
2082	7844
5018	14357
11718	7318
71143	12962
134431	16400
56568	8223
47988	11825
91182	15738
24941	7393
6389	8077
3440	10267
8782	8579
31994	14458
41620	14496
25965	7333
29046	7315
18351	15855
118828	19512
1945	7371
658	7349
71356	13910
12788	7350
3870	7326
36004	9717
23557	8309
33934	14045
44088	7310
39727	9238
41522	8260
143313	14705
120961	7326
332	8493
27135	7353
9237	13408
157146	13353
1940	7798
39532	8236
127118	8061
25853	8286
4833	14653
181688	16889
44054	7426
178801	15371
122468	9619
77530	14178
12624	16529
71322	7391
71182	14960
10368	13482
4771	7315
126272	8835
34216	8238
95278	8172
74614	11623
29358	9360
49769	12113
36970	7326
26267	9211
22723	7310
41354	16148
868	10885
4929	12116
44	7311
32663	8799
33081	18531
33757	15831
39701	8262
2197	8964
2514	8572
5017	15891
4559	8223
154088	7310
19179	9392
4792	7310
66970	13182
141950	14568
18584	11632
9179	9588
23681	7480
63777	13395
34193	10422
39675	14092
51899	11379
510	9149
41438	12163
143566	7553
49752	8526
3242	7339
4848	8006
5001	7315
4890	8259
378	7391
34719	10958
49395	13946
25473	8639
125328	13060
121693	13513
65822	14864
168573	8635
36350	7645
79128	7487
176146	12464
34103	14470
55706	7987
4320	8355
30294	15709
32768	11407
68585	19064
10441	12057
64483	9212
1214	11613
1362	12026
168962	7320
32919	7326
119206	7554
29976	7889
41581	7393
12604	8775
3003	8378
151696	8911
4390	9370
12825	7511
4912	8496
120980	8526
72087	8223
39405	7685
6424	8183
71127	13431
35	8204
48555	8800
85341	9244
165223	9867
7917	16285
14851	16923
4943	13313
137667	12401
2947	8434
122747	7339
127789	7422
32434	8930
243	8804
74257	8664
32108	10519
607	7945
124863	11908
2806	8133
78480	8243
112185	18869
180996	10991
33789	9673
32349	8328
188847	7391
45030	10864
34846	9211
39968	11653
49988	19427
2972	9775
128772	8100
159748	9155
37173	7406
596	7311
33428	17001
64630	8627
76252	13596
5402	15958
73013	7788
16083	10430
158679	12434
48894	8309
70963	8277
30878	18302
188836	8922
3165	14121
145564	10133
19701	9009
32444	9195
578	9629
116040	8742
4260	14725
1786	12591
192162	7695
35659	15472
96940	7377
122926	8186
119853	7393
61954	13402
71192	8726
125329	8446
119198	7456
6762	13632
54324	19511
78680	14586
6547	7310
120679	16152
1500	7787
93475	18047
11628	12769
33370	9854
158	8648
97778	16230
48493	8859
1088	9652
158666	8261
16649	15359
2859	10400
153809	8922
155021	8526
22561	8038
56768	14659
36354	8468
163329	10284
32548	10383
41612	7393
30656	8164
34082	7310
39482	7451
121061	10192
2225	13409
83777	8446
45361	7350
3422	14324
126561	19599
24952	7994
3138	8081
79134	15958
67671	8067
3555	14220
71904	9054
52949	8348
92191	8432
11574	8526
2846	11036
226	8766
70538	17865
34044	18644
49389	19327
3447	14333
8922	8346
102223	8518
3145	10828
57142	18411
51352	13974
71266	9278
128574	16005
1567	7310
22790	14189
74231	8251
27825	14596
150222	7320
9861	8247
66303	13328
5355	7312
4308	7429
62654	8526
126218	9316
29344	8510
991	8892
128457	15213
25497	11026
125741	7310
5770	7735
151229	8635
20573	14061
36998	7429
32660	7787
590	9657
18303	7971
93973	9577
32487	7326
154182	8348
6033	7961
10433	8462
77969	8242
61908	15710
4631	11699
84422	17817
16390	9628
2603	8371
29669	9416
957	8422
2357	13489
125637	7341
106781	16840
32900	7353
139842	20713
56088	9257
24352	8098
1099	10400
50292	17514
9221	8170
75787	18088
32038	8278
15915	7393
126944	8526
189147	12393
419	7961
2245	13435
105847	7390
2542	8910
53706	7350
193806	8285
74027	14316
49387	12563
11556	11173
74145	8179
35105	16467
100566	8268
47233	8600
44615	12414
37110	17817
10980	15726
188619	7359
2065	7375
7202	8484
71992	8223
70989	12167
159663	7773
106239	8965
114477	8226
4363	7426
114253	8559
12020	13299
242	8034
12876	8579
114808	10612
55317	7310
33019	18522
14523	9928
19647	8287
70656	8527
113993	8093
2612	13571
53167	8577
114538	9698
179232	8763
15	7343
35955	7319
7074	16171
33841	11786
57145	7853
132614	9222
20091	17474
19126	11037
127538	9178
11745	7498
31519	18357
39671	8006
34478	8039
155307	8215
78922	7480
58780	8327
492	7920
72976	19848
12882	8525
1956	8292
11897	8061
32419	11664
1810	8378
9446	7393
24345	13017
41443	7341
4679	8653
71	7374
1999	7311
11403	14433
8343	16311
24673	11636
114899	16414
3005	7410
531	9225
80232	19023
3999	14670
116993	15435
61455	19615
34911	8236
13679	8279
53720	8171
33269	8527
4435	8653
32974	18508
556	7353
22748	7423
86994	7333
20356	13006
9009	9453
10855	7426
120034	18791
29002	16086
5131	8938
75277	7650
4082	14682
32930	9725
18341	7320
56481	19566
74222	8993
109641	7359
23017	9837
74638	8312
4972	8030
20332	7559
150901	8348
36356	8588
2105	8526
30970	7315
14869	12112
46402	13831
4982	7310
1537	9997
7840	14313
92719	8550
90883	10114
125533	7827
1973	13197
49154	8128
158110	10062
7602	13735
76360	19035
33823	7757
34648	8800
103772	13511
25348	8462
24639	9614
85584	12467
69774	9263
68107	12423
51898	8839
66991	8610
3046	8350
34861	9191
73653	16428
95461	9299
1479	12094
74217	10764
124426	7310
78985	9705
71133	8726
4584	14956
39839	8799
186534	11540
148896	16681
32683	8150
9158	8664
5064	14266
162278	11667
28228	9269
68865	14923
32408	8933
30326	8817
1763	7318
79131	8870
24131	16109
121856	8520
192832	13192
6062	14470
29709	15664
129016	8775
4930	12980
26762	7718
55585	14232
39972	8146
24949	8428
2914	8632
3123	8572
132862	13629
30587	14233
44355	8526
28602	7341
165226	14028
33222	7342
29642	8182
11206	13722
127069	7865
18871	16582
84210	8496
513	8473
1587	7391
70836	8182
3760	7327
9204	8259
14155	14672
69467	8292
39672	11092
6798	11762
53733	14406
3379	8489
100279	17892
29153	8132
37402	18891
33392	8526
23799	14662
16328	8635
2629	8446
11577	7391
102848	12250
46340	16421
8761	9215
11608	8516
25837	13532
180473	7798
162225	13139
4703	7426
151517	8329
154274	12909
23112	7393
1527	12184
41038	12909
153607	14679
82939	7341
533	9260
162533	17839
114636	11849
19723	17455
128341	14946
285	8813
18367	7816
119048	13586
7673	8251
26872	8223
189269	12447
34157	7319
10652	8526
24963	17741
15254	12920
55635	11623
19696	8872
4996	7787
67640	9444
19228	8609
3121	7426
156035	8372
6155	11029
65933	10138
124	8150
33403	13365
77924	7426
109821	11272
7207	16184
35212	14239
70114	10713
45165	13847
19936	8327
28355	8098
138697	8145
158652	7393
41624	12341
27543	8243
44041	9369
91326	9442
122586	18090
67324	16767
28372	12400
184788	14193
142922	9813
166882	8061
3885	7643
126641	8396
23510	9278
76976	13632
4396	7961
155779	11861
6168	8286
25185	17784
22272	13828
105935	8596
196366	8268
28496	13566
12332	13999
158635	15466
70791	14094
61428	7326
4378	8172
36365	11189
21619	8378
40422	16266
704	9820
34380	7339
88599	20084
124762	13828
129169	7326
23426	13201
494	7887
106691	12438
118386	11362
1759	7426
35354	11551
10370	9180
1134	8597
5117	13560
152354	8446
5808	7341
190023	8709
19570	12375
29886	7721
36275	10376
59179	11154
79029	8173
29400	7965
113562	7310
48869	8933
4358	7383
102261	7426
126980	12707
69457	16065
21598	9629
27846	7719
142545	8586
28348	8285
81702	12152
42517	13702
109585	20030
34848	8632
49403	8208
66746	7353
1889	8738
9148	7357
7286	9006
1409	12035
121485	7315
6026	10965
4928	7393
33021	8613
3675	8223
10378	9732
34387	12824
39967	15823
32628	8526
55617	7356
2659	13596
120507	8696
34071	7320
114288	10921
40258	7333
24980	17767
31490	11905
104357	17973
193446	8247
85992	16489
125536	7368
66560	7588
84875	19158
49388	9922
76031	14022
4922	13935
18055	17329
24953	8644
66715	16109
106867	7891
18790	11685
62761	8184
33872	7310
21563	9078
4370	8309
11351	15267
70010	7819
10492	8380
14877	7315
169766	8635
32777	15153
32700	14801
21176	13029
12333	8378
22006	13829
118387	14433
46147	8884
121453	12432
117018	8056
3279	14182
16581	8186
19882	17466
10249	8292
147910	17368
18087	7315
13008	16788
49399	12020
35126	7911
106780	15791
974	8281
71132	16086
90716	7315
97654	10002
9631	8152
37082	17715
103242	8656
24667	8899
156605	9843
122412	14448
49390	8880
36651	9922
13622	7374
66619	8934
10139	7349
48788	8297
29284	18053
123754	12457
85621	15591
48548	13751
44189	12075
35288	9702
39473	10912
29134	7319
26687	14334
52977	8234
10286	7319
133446	7537
52	8259
113502	7393
124363	8329
130135	8489
117771	10070
37694	8259
4397	7310
121315	8371
2805	10148
18941	7315
125652	8315
128746	14415
4196	7728
16182	12524
137243	13297
6319	7405
145053	8758
37371	15853
101061	8173
31486	17866
119630	8234
56295	12915
133114	10956
67818	10355
8703	7658
69437	9191
120636	13689
1327	11957
2591	8234
145566	18366
142913	11972
9867	8576
33423	10613
5791	7787
123048	7393
118016	7339
36188	8670
14260	8704
4937	14238
79142	7423
73062	10547
11322	8270
29354	8800
22566	8835
55316	11533
44716	8312
7661	7310
31398	15891
83765	8285
114507	7321
85	7315
17791	16129
821	8446
155120	7742
113087	8199
94663	8377
3522	13740
32518	7315
24957	9251
3054	8294
32588	14491
180818	8934
39167	14606
8547	8184
166694	9095
749	7374
13670	8922
4817	9458
6598	12488
161812	11830
24681	7341
313	7310
54513	9838
72575	14782
29804	12434
146153	9075
65125	8023
24286	7318
57341	8526
74227	19908
26380	16607
6397	14855
185906	7889
4814	7965
52558	19452
2875	12069
22956	8424
6364	8608
16763	7393
6827	16159
33387	14579
155434	9345
72723	8635
86395	9154
4903	12029
4810	8709
5884	16032
15723	17209
123951	8223
31063	8256
74923	7426
124143	12003
71202	19792
31389	17987
15584	9329
128766	9172
39114	8355
5440	10853
34270	15309
12536	13049
28465	7480
36312	7491
32128	8842
179209	8287
153461	8542
72339	8966
34288	18708
154186	13859
2326	13470
148273	17290
73402	15848
5284	8259
12791	7315
8897	7350
124664	7326
2622	12090
26528	7393
91415	13188
9972	8355
159040	14859
9651	16440
112882	13864
108104	7393
74226	15226
143284	19868
146357	8286
7465	9702
3162	8612
29025	7646
28976	11821
4039	7785
2704	11663
85443	20055
1783	11448
3800	9629
80584	10929
1358	7426
84964	7310
24298	17608
52559	11135
113531	8212
13463	7353
79197	7350
74397	7830
105426	13047
99847	13594
36400	8770
4720	15071
137431	7353
32391	7334
110227	8287
6295	8098
11673	8911
23275	9194
90314	11014
6411	11095
32103	7310
30160	7515
52658	15894
118712	8526
71146	18787
10388	13874
166870	11190
71469	13108
3703	8302
1594	12382
17082	13628
33737	8514
23464	11908
158998	13903
2852	8018
73324	14713
10382	7822
5345	8806
568	8657
52766	8446
119898	8262
35007	11677
1843	7310
528	7784
2439	13533
118439	14795
2796	13300
1543	8293
18547	7350
3774	7789
73068	14518
55616	8677
24561	14732
32763	7310
32633	13709
22377	8156
595	8251
68283	8947
53019	10684
178118	7342
3129	7320
39005	7426
141287	18544
19277	8446
39437	7426
25546	17810
36070	7907
34261	8505
180723	7325
26174	14244
5562	7319
15139	10366
125246	7598
109559	16189
159983	8414
83721	10165
1813	8399
3673	7353
5454	7341
3934	7477
127707	8714
3345	8259
64468	15713
35725	12914
6540	14659
134618	7798
73262	7607
34280	18704
36315	15159
3090	8525
5277	7326
3141	13530
33390	8635
4836	11267
7308	7311
71138	18538
9369	7524
74261	11411
24946	17675
32127	7326
51770	7426
32485	7325
34211	7320
181672	8268
124256	9922
71905	7315
5238	14622
33848	9268
4585	14952
19904	13878
28980	16078
18336	10864
85680	8716
61178	11365
115956	17734
33344	14713
34484	13524
32680	8632
93432	15707
17773	17316
111620	7339
67515	15339
15970	17224
42599	8551
178334	11316
7992	8315
131976	16302
39401	9449
117050	8617
20409	17488
75239	13894
80581	16201
3965	14659
41183	7310
6320	8634
81701	15965
10988	10564
28494	9652
416	7889
127698	19047
662	9362
4078	7310
6823	8634
1641	8881
7301	8839
32088	7341
4938	7353
41797	8262
27132	7393
24977	9489
34274	7310
32490	10187
189981	7393
24101	14989
49385	11947
120363	7353
117953	8171
33746	9296
48488	8527
106267	7320
8662	10661
4385	8526
137373	7738
75869	17608
144435	7339
179320	15803
34323	8162
5671	12982
116942	20436
32186	12000
118025	7969
592	9666
2755	12167
370	8029
108188	8489
115164	13290
10379	8468
92617	7889
124851	7311
137430	11371
114817	8186
82425	8635
14720	10847
4954	7426
96721	11630
27980	11925
1800	12275
2960	8287
127704	8935
33680	15053
114570	20381
25159	13772
68502	18541
16903	10232
39386	13540
997	8472
67079	12212
17160	17279
26358	13619
15454	8446
160227	9134
9712	8869
141472	11979
179545	15206
4865	7393
189757	8268
124474	8531
142468	8219
10468	8312
41748	7310
47674	12165
2658	7350
3730	7315
57769	7968
24077	8309
57999	14884
77738	7315
32876	8526
64930	15781
126909	12595
1573	8483
189137	14083
33004	17270
1674	7321
21998	7763
39396	14680
10451	16167
138338	7798
13375	8234
49025	8200
109111	14540
3574	14317
24951	8526
1893	11164
3563	7393
74075	7426
52935	11642
128920	8090
51350	13170
21763	7310
49253	7320
27391	8841
18634	7759
11018	7480
90484	12457
4793	7310
34162	7310
33244	8798
23761	7374
114324	7353
5237	9542
18054	8423
17720	8039
66893	11008
44314	12899
127941	8218
38574	8329
27562	7798
10412	16507
29073	7439
129314	7814
70807	7391
142538	12237
46647	8868
153140	7889
43395	8635
38330	10187
38708	7513
143578	9421
4977	7393
71524	7465
55624	18877
174103	18424
13868	8490
345	8871
77157	8934
38520	8184
159947	8173
59926	12502
14303	8298
4405	8155
78172	11998
11522	8829
66159	8638
126159	7798
195787	7477
195309	10062
31104	8139
195644	11666
12617	7310
12012	16446
32174	9217
574	9182
129699	9811
13263	16816
5439	9099
73154	10488
142375	11024
124355	13411
4594	7393
26674	13012
439	8180
33358	8688
1522	8899
52287	13887
304	7315
10794	9456
152568	8528
68920	8128
36979	14535
1933	12838
33445	15002
6930	7310
19339	17428
442	8953
25039	7426
59177	8956
119567	11360
32166	14165
32550	7310
65642	7342
62658	7798
30424	14059
30542	8286
90138	7341
60916	7320
11372	9265
10220	13530
59685	15205
32721	11109
1104	11151
3207	14135
39846	13922
4687	7515
26650	13410
2434	7310
113394	13682
3830	12438
136694	8606
85118	8234
103522	7310
29007	13206
45168	8312
121996	16540
1556	12369
27206	15365
96782	8222
27638	11903
73258	7607
60871	13195
34830	8593
39646	7393
63731	8945
121172	10591
11613	13214
125526	7318
111917	16560
145838	15254
108081	7315
39397	9838
222	8259
78775	8628
3750	9220
6311	15977
20600	8464
89859	7374
145752	8002
81496	8527
154389	19224
176030	8601
3118	7750
102536	14330
12433	7339
1400	7350
100183	7798
147354	8595
129285	7426
668	7310
144763	8234
114245	15968
4634	8211
118153	12517
4345	9135
4368	7339
24959	8309
33424	7973
992	11109
49096	9154
149818	12029
54348	7310
32374	12434
69326	7377
157957	7787
65324	7310
67798	13862
25188	8029
71137	16551
112873	7798
39222	8035
10751	7371
5244	9826
124741	8800
119128	11879
10650	8721
30814	18295
60279	18042
500	7315
1615	9796
57589	7666
53227	17609
1853	8213
32359	12196
24962	7326
2865	8315
82120	7429
58256	12497
24672	7436
60619	13761
18309	8596
34108	7426
13582	7393
40438	9128
3483	12119
43913	9076
24787	11160
65230	8112
34864	9728
104723	15599
158020	7398
430	8777
27387	7311
24965	9154
78539	7424
10354	8268
52939	16330
129161	7336
30183	14301
7414	16254
116669	16146
6571	7426
29753	15249
111588	12070
3229	7311
57532	9330
43760	8094
853	8289
161338	9629
32510	13535
19839	13397
4572	8200
24283	11108
13088	7847
23132	15004
36958	13917
118750	8230
125897	12981
43204	8624
51637	8285
194581	16666
46715	9632
114242	16040
72905	12499
74225	8309
5853	7310
120371	7326
39410	14766
4192	7501
34	8191
31296	8123
4742	15078
1336	8714
78822	7310
91583	7367
28974	8526
89961	15528
35527	13363
65468	11710
19937	9804
5822	13362
69324	16799
4858	15154
5631	8947
36344	8245
73115	10980
51663	17749
333	8845
11345	8489
120148	19725
2922	7334
53004	7426
46456	7374
35296	12645
17793	14529
158638	17915
167992	11133
50743	8225
27402	7426
104048	10991
144853	10349
178148	8635
34064	8023
167542	8355
72973	19846
190	8686
124703	15365
3529	8638
4467	7393
9865	14045
601	9682
124912	14678
13322	9270
119325	9795
158356	12107
118008	8315
32230	10890
43513	12772
10717	12165
10456	14825
26805	14149
4516	8032
32488	7310
5550	8376
32164	7326
526	9203
13318	15280
39477	7310
113501	11346
3528	8489
37490	8566
39351	17228
21593	8489
39722	7391
4918	13200
6549	7310
7236	8268
23412	8634
112087	7339
71344	7353
30827	9774
24938	12083
4850	8860
9541	14591
4402	9278
184314	20685
71114	7362
1735	8281
114264	12825
959	8350
8670	8526
45496	11666
31563	13478
121966	8544
114243	8500
32640	13529
124131	8814
27889	11896
70252	7451
105619	7480
44216	18699
36568	17541
32422	7310
154222	14052
186623	7393
127249	15104
1073	7373
69894	12586
32429	7310
76341	8716
55883	12486
68184	16770
450	7393
189	8686
10939	13239
116061	8577
157096	16108
33197	11313
138039	12207
6481	8071
24970	11567
71199	13266
138201	7310
128586	7374
145283	8226
5118	12112
66278	9842
68803	8145
77671	8018
36148	7310
48089	11155
128704	8859
2620	8468
47739	9464
41510	8212
83014	14461
20038	14586
127991	11913
153297	8149
11668	8526
5243	15657
35326	13513
36579	10965
4796	7311
32609	9098
66019	7310
73274	16091
65037	9114
24958	13297
32576	7315
29787	7410
4066	8922
123047	7315
78889	9548
163331	15217
71187	14608
42497	7611
49947	8287
4811	8218
830	8219
39336	13596
189786	8031
17592	13320
33524	8449
570	9239
511	8370
120531	9191
43848	7333
3478	7315
13236	8223
27616	14756
118194	7342
124714	8613
4803	8948
5274	14527
23691	8145
100638	14223
91	8325
116270	8695
6639	16131
3463	14365
92575	9123
24976	8150
3853	8519
37179	9673
26167	7374
12746	11369
158641	16814
22815	13215
126904	8635
43855	8293
35744	10230
156319	7465
28409	12029
125245	11110
34425	7341
92478	19036
400	7393
106329	10546
4428	14796
98706	12836
54351	8792
90678	8287
29310	7393
22743	9278
128632	9902
168478	13159
16	7372
34821	10996
24861	9330
26011	17304
53371	8371
44063	8287
81694	7393
126871	12217
7442	15406
123020	7693
31015	8348
14682	10202
102093	18750
1706	9152
79908	8219
25686	7312
86203	18680
126609	8312
5312	11584
35367	8677
736	7551
84317	8166
10410	7393
10223	7315
8846	12038
113456	8635
22137	8329
33368	8302
40492	19022
161628	16830
53423	11891
89502	15866
23045	16040
50405	8259
3235	7310
91840	8489
186682	8945
487	9139
33151	7315
67717	7339
32986	18509
18115	8526
4600	11142
53527	8579
116502	16512
125995	8200
39075	7318
193040	14502
36667	8089
55604	8292
5533	8312
5717	7554
132750	11666
73674	18560
113930	7320
12985	7498
56360	8754
7430	8294
118628	12578
101354	12513
30521	8094
174172	11906
59927	8259
84879	14373
55383	12437
44391	8200
145364	16168
141231	8371
113024	10892
4998	8851
92	7310
50073	7310
22771	8434
11425	15399
69637	10586
157358	10399
64574	12814
44541	7868
33485	7393
166441	8378
5322	9675
99087	14111
25654	13162
193700	8206
31117	13897
38583	18606
33875	7451
83009	8176
131828	12808
13456	7310
123803	7393
28803	14876
41358	8690
71160	11913
13239	12601
36556	7753
24850	17655
74434	7310
77	8307
47612	12923
105552	7310
33184	8259
2631	11998
34258	8023
4951	7310
150007	13199
5696	7319
6379	9062
26144	15022
128117	7830
22000	8952
91373	8178
180949	7326
110717	7426
71563	18615
190526	15365
8130	8022
82457	8124
85291	15587
105012	17976
177282	11877
604	7410
5247	15934
151984	16871
76287	7339
24969	10237
5826	7901
7838	7393
28267	8515
34875	8800
4149	8610
34042	12457
37154	13663
127111	8223
562	9285
5308	7554
67121	7961
34363	8223
61113	8043
336	8858
48951	14600
55548	7393
5014	7341
49558	8102
119267	7326
57118	7318
122566	7341
67466	8880
1482	8635
116728	19921
6530	16120
32394	7421
78308	7581
24972	8118
41391	7326
32689	13407
20610	7374
1470	7426
129553	7315
7991	16297
28981	11328
724	8254
6951	9632
29109	14262
122927	7318
56657	14666
43593	7426
10331	8371
34338	17767
181811	10630
2836	8371
178163	8294
150707	8268
30514	17270
129133	7626
45020	7374
42838	15530
72026	8542
125044	9869
105488	9464
118861	7426
12566	9453
168116	12933
9195	7353
117025	9995
32845	15258
64667	8259
89190	11865
31817	18365
9814	11116
68999	7437
28367	12209
29345	8009
24712	7335
79140	8432
121685	12515
91437	15858
6523	8023
23566	16447
157359	14094
118175	8754
62478	7310
65020	7426
3199	8417
109935	8715
82455	7333
1622	8312
7466	16263
33444	7315
49398	11966
2412	13514
83904	8061
35777	18792
90377	8531
41357	11763
5943	16045
190313	14568
131377	7393
2613	8309
129064	8259
127098	7310
49437	11093
142	8632
10351	8965
35724	8612
66969	8102
48860	9668
59389	7426
26265	8092
66634	19137
24979	16653
13549	11662
1969	9325
158630	8455
85493	10985
104102	8259
3985	10991
30829	15142
64423	13286
53509	10960
11855	8882
140328	10361
24591	7310
109725	12601
8607	8234
34153	7315
87702	8223
26135	7393
3245	8526
83011	7436
147748	8705
138701	14587
77549	7393
12010	7310
10680	14683
147238	11884
48686	19152
23150	7393
11227	14313
113783	8037
77539	7393
114033	8825
24968	7748
70730	9762
1351	11993
112795	8702
175082	14502
18048	7310
65609	15563
2940	13848
32514	7310
63355	15637
51647	14873
4683	7326
3944	8489
64627	16655
21089	8312
33294	7650
52943	7792
78023	8371
174379	11590
140145	13476
54166	8889
122222	8635
85206	12825
69857	9614
32121	9433
7964	8509
119137	18757
178800	19126
9032	12701
458	8948
42934	8634
179923	9789
104049	20221
26387	8714
34189	8635
35904	10361
72389	9278
2524	8862
84363	8234
137649	8347
13207	8508
40043	8438
12685	7310
10398	9205
23381	8254
15249	13860
11678	10985
36722	15391
4379	10086
33767	11640
3869	8516
161980	13999
19544	10055
5714	7684
4873	15214
43818	11957
127088	8725
67719	8250
3975	13662
151419	7393
2014	13206
125395	9211
22400	8657
164707	7426
125320	7931
53215	10991
141262	13367
120599	8763
7039	10110
1531	12193
21601	7341
35743	8616
33699	8632
72052	7310
92483	8489
21261	8423
4616	8575
70776	19735
5736	8022
169816	8223
75889	16954
29346	13535
3058	14055
914	7420
12078	12439
28892	8939
11460	8579
10348	11665
194777	18940
55610	7798
3824	7399
107398	8355
33421	9632
34480	8149
13705	16840
74649	8327
181021	8298
45293	7509
18964	17393
154249	14504
68515	8281
7231	8793
72072	11346
2255	7349
24975	10409
153609	18301
11709	9330
34296	8132
20111	15723
22327	14813
182676	8371
152914	8526
28105	11864
103842	16450
125458	8359
133891	8223
36042	7787
119134	8390
33681	7451
177897	17735
5024	10398
605	8675
4786	8013
89705	17959
8481	7460
3267	7658
3888	7349
30658	8657
90838	7310
9011	13176
193232	16995
22975	17552
32218	13586
120897	16691
128634	7315
6146	13203
1614	8714
4521	7391
117138	8922
33862	8379
90338	17000
1798	8371
6335	8223
127092	8763
179	7318
60501	9060
0	7320
49477	7393
162729	8793
31808	9232
94748	7889
7008	8223
2633	8606
99119	7393
179363	15827
136402	8298
26575	15997
67286	8945
27036	8024
32293	7310
39588	7318
32868	11120
3602	7310
6592	12595
115454	7315
23338	17566
2454	9129
5489	7892
37913	7426
3720	10016
354	7315
162331	7341
14658	14962
122392	7341
2001	9225
25716	7310
34711	8638
119585	11036
3791	14615
34097	18646
1769	9190
128067	8504
89861	14750
4454	8315
4935	12184
5737	7310
91531	7315
84114	8347
3210	8018
4579	12203
72962	9235
100265	17708
41592	7341
28617	7374
31229	15730
67229	15090
104445	11242
7971	8445
69327	16230
139758	13026
4646	11776
56229	12532
45189	8526
27376	12346
127534	8627
1867	12833
73272	8927
9060	7353
3426	8190
157099	7311
88111	10142
3353	7853
34120	7350
9619	9535
476	9131
106316	7310
25861	7423
106409	13538
187981	7320
24474	8964
30470	8247
49331	13658
66888	7362
25155	7341
161356	7391
3126	7424
32178	7353
19577	8204
31924	7426
523	7310
15491	7339
84785	8954
22800	7312
54	8002
54056	14949
82273	7753
3305	14188
22319	15193
53950	8177
12050	12943
111566	8172
5640	15987
83005	14461
28875	9244
66549	8711
109640	20309
10831	13514
66129	7393
121113	7798
7650	15056
60002	11176
84416	8328
4636	7319
32801	11155
7561	14073
33754	18606
155479	7798
120317	7378
116258	15655
34061	13536
13773	16843
154178	7671
26697	9244
93830	7426
4251	7320
71399	12470
68240	14498
35741	7393
32838	7311
4389	7312
29019	18043
36499	8953
51343	15987
135853	8157
14654	8862
155577	18347
57664	9813
74150	7728
30028	10448
71926	13368
162363	8156
114309	11986
29913	10965
26404	7374
5518	7501
15486	8098
158642	14115
4896	13884
47280	8446
56482	7326
6475	8268
9395	7342
75609	8064
139580	7426
176683	16486
58007	8098
123107	14953
71193	17222
3485	14468
182	8156
76472	11766
195916	8348
154718	11998
6274	13215
5479	7332
15657	15309
25676	14987
160	7315
109059	8333
17934	17322
28080	8259
99608	7315
5050	8190
12666	16733
22126	17339
33611	7341
20028	17473
72137	8634
7148	8259
36003	8234
155059	8259
188438	12162
33705	8011
1777	8673
28673	14708
28184	7342
33846	8527
84329	7374
1620	12415
4831	8947
26758	8955
183535	7310
41356	10688
67337	9741
68899	7374
2736	7393
63352	15838
139965	16213
148200	7374
125521	9285
4782	7341
33527	8930
25488	16478
1346	8697
190090	9028
39388	7685
33494	18416
39506	14756
42509	7393
6220	9793
54644	8714
134607	16057
716	8577
122947	9666
11695	16670
123459	12882
67505	9632
2676	13634
8024	7315
9832	13062
23303	14566
34512	10007
5484	7868
4686	15068
69604	7393
10159	8196
1419	9653
176445	18206
71065	8259
154070	11036
84107	11212
175796	11173
118914	7315
34626	14973
11991	7627
43501	12772
90490	8489
126814	9277
29530	11109
176526	14005
72092	15924
8016	7310
51887	8234
5763	7310
5748	12432
34631	10124
2048	7736
23618	13339
3464	8699
154864	7326
157259	11154
25937	15234
141947	11366
28087	8177
7515	7353
10974	15612
63713	7315
169768	10373
33669	8906
15594	7391
147576	8224
26631	7393
576	8615
111346	13118
26911	17882
132727	8067
28341	8616
73639	9824
5722	9128
122703	7393
76703	11982
124471	11762
31764	14497
30527	7393
65469	8446
166659	7353
39389	8190
48658	8315
125259	7393
58967	8292
39166	9826
114884	7310
4785	7320
33434	8489
34048	8704
67707	7792
84754	7766
83688	16703
30316	8315
25619	8720
28917	13825
71396	18217
16759	17272
55386	14195
1739	7393
5332	8107
4819	9743
6531	16120
5727	9799
134876	14542
59309	17212
77652	17794
12637	7393
127196	8575
11119	15769
32746	12457
116400	7310
2126	10107
57126	8116
132866	9306
79129	7868
79281	11645
2934	7310
95886	7310
2433	9909
151164	7341
28819	7480
88	8165
12567	14125
35758	8223
35225	8433
72921	9077
165057	8714
95625	9797
66789	10444
154966	15683
2913	8157
28775	7631
106400	7353
35267	8526
6258	7310
176145	16203
34165	7310
57880	19575
97873	7798
49738	19402
110832	16652
188218	14008
152296	7353
111399	7320
25922	16149
2268	8215
126892	12457
22782	14066
27011	7315
40134	8357
49827	9113
103781	12399
2489	8256
32384	15193
128997	8557
124332	16303
141951	7865
94907	8268
11260	8234
62966	7461
32241	8840
10385	8223
223	8696
7470	13885
124329	10010
152510	8177
1768	7377
49736	10639
44068	14507
63700	7374
105482	15994
59918	16814
3866	7524
26705	7341
47909	9069
71113	7410
40632	8884
33965	18417
43817	18413
115623	14662
4536	7332
88606	9402
9835	7393
123450	8436
470	7426
66163	7718
4659	12033
29544	14846
9807	8423
79438	8526
204	7310
10311	16472
150657	9924
32882	9227
3842	7391
188665	7310
57776	8822
16803	7424
10459	16212
54220	12649
71895	7798
15026	8183
18366	11151
74121	14448
18123	9205
32212	8882
4534	7537
17611	7374
7759	16278
145366	8286
2902	9632
859	10835
11412	8312
33374	15188
19982	17472
17340	7333
2829	7315
5693	15989
128829	8714
45815	7426
100377	7315
92452	14724
31282	15280
18898	8377
10100	7333
3200	7341
32764	7393
77622	8602
8306	8250
80645	14867
32044	11036
8590	7319
81529	7889
83131	7424
104	8328
15941	7315
123146	8710
2328	10008
4342	8705
37267	8669
20494	8250
116845	20433
477	7311
49391	9774
31815	9149
120974	7393
58536	8791
178636	7310
150440	8489
34257	17509
27356	9539
138225	18632
53219	7339
52887	11160
126403	10830
74052	8009
47902	14671
96218	10936
49892	8939
99583	11848
126522	19828
982	11048
127501	7319
118214	8259
41365	9048
35191	7510
95584	8037
112349	8634
153958	7326
34340	13403
40160	8208
39282	8328
12429	8241
26130	8529
115465	16482
12092	16241
90227	8237
144819	13572
117006	16045
95296	8251
28277	9330
55856	7426
12146	13363
23404	7374
89143	8329
123954	9191
33453	8800
10808	10992
5944	7326
36017	9179
29722	7391
11084	11102
5976	7589
28386	8200
179642	7353
118664	13576
2537	9330
31623	9694
45985	8423
88110	11164
128	8309
37169	11265
22960	7315
25883	16057
5021	14808
98840	8093
58071	8527
13368	10165
128844	8704
128767	8040
158990	13894
4135	14684
66232	18921
29935	14934
3441	8180
6507	11371
33877	7310
5072	15906
91908	8254
29214	9191
51461	7426
26317	7393
148193	7787
182189	13075
194313	8378
28794	8914
64750	9670
31066	7393
92271	7315
157345	17760
26663	11154
68284	9924
12060	8326
67444	7310
72826	14567
27145	7426
4864	7312
41222	8327
33450	7889
22055	7369
19061	7310
35544	12778
3266	10165
26371	8698
11101	8792
142541	8259
4735	7374
24287	16732
25500	8696
33624	7465
117023	9199
5829	16006
126102	8371
45757	7393
39983	7310
31439	8656
70664	7651
79600	8527
152012	9654
167723	11701
67336	7353
101559	18649
1650	12424
75607	7320
59211	14919
27425	7694
2200	8285
115253	7878
160498	7315
68815	12037
71443	7393
115202	9629
19524	8268
80836	17897
78765	7864
128758	9220
19368	7310
89201	20022
158019	14143
156193	11601
117020	17821
121122	12853
6382	9123
26851	14656
1058	9285
31789	16519
49964	9629
81209	12096
32951	7332
31691	10120
132985	12057
73947	8234
1976	7319
125725	10342
95052	7501
23558	16381
219	8690
143769	8664
19207	7320
104724	7310
116890	8274
154104	16465
33507	16329
28498	8242
159417	7339
57617	7867
61210	7495
44975	10926
81747	12722
52663	8165
5611	7374
95110	11267
138070	8190
107495	13729
181302	16562
104769	8286
39149	8259
124255	14070
196080	18000
1122	8577
24098	8641
999	7315
11697	8783
88212	8223
143593	7871
70908	10317
175	7357
64159	8995
113500	14608
3753	8526
118944	16034
47619	11883
12148	7393
19388	8186
35123	8294
3288	14184
49382	9813
10310	7965
17162	13572
24671	17622
35877	16562
66270	10706
71159	14555
72665	7507
125301	7393
70149	8333
175535	18783
93406	14745
29149	8526
128326	8397
161075	10856
7272	8312
5103	8635
4824	15138
49758	7310
74120	11248
165697	7811
312	8830
36972	8264
121307	8184
33478	7315
53316	7353
65807	13938
13408	7754
65654	8286
119600	9195
33799	9686
124620	8292
9382	14892
33062	10400
44951	7353
35460	7326
54954	8287
91609	7375
26802	7342
35506	7310
148191	11258
4664	8577
33971	7310
57507	12438
22533	8180
3661	8579
108982	8489
157713	7735
108557	7326
31207	7818
5701	10996
10563	7310
14606	8664
31601	15893
8571	7310
71243	8807
34866	7311
115663	9251
118644	7391
2233	13411
41258	7426
3818	7642
125343	11336
69239	9923
74049	14501
90934	10864
33381	8793
25320	8489
116488	9902
3543	7310
61186	8638
22607	14803
166830	19779
43170	13647
4669	7339
34370	14781
10274	8293
1541	10063
67124	13365
26749	11036
151365	9779
105025	18882
34597	7391
73584	7310
122588	9183
103475	13751
16246	8168
179783	16029
51905	7310
31650	7326
1515	8315
165859	8156
58197	7491
7458	10187
179677	8018
33851	17703
68847	11986
68496	13824
26214	7889
165176	7393
81936	8190
70710	8180
80878	14713
32637	8380
399	7310
145652	7341
52268	9762
111563	8613
48263	7310
127937	9205
26101	8041
33118	16974
124312	8167
127022	17692
32856	8619
135669	15205
5114	8608
145594	13720
144146	13802
117751	7817
1388	8642
122378	9263
76323	7903
30113	13036
115280	8635
13274	11872
72719	8489
26197	11602
7497	15604
10483	14862
83652	7315
10071	16457
30154	17749
7938	8489
152948	7310
65437	7787
42962	8579
35924	8551
72441	13627
4236	7868
55272	8333
78720	15959
48994	10201
30013	7353
26327	10698
8145	8526
24062	14365
179238	8396
118751	8092
40437	7339
132472	8527
114228	8424
191343	9266
155570	7315
56292	7341
103289	8304
23908	8287
164980	15994
152763	7310
137792	11903
187441	8199
39594	15330
9305	7353
16428	8165
20027	8789
46732	19124
114117	18526
24947	11828
39687	7315
128601	8638
151594	17217
23109	9766
124435	15076
34324	7780
26457	9577
3973	8634
31816	8638
31905	11258
2502	7393
31961	10991
12922	7426
81405	11769
137757	10892
107225	15375
126068	15759
113637	10975
176028	8184
116786	7310
81606	7645
17079	12107
54287	11986
3708	8841
101629	8489
150795	11534
26713	8071
8661	7326
17174	7326
41643	7339
22215	7792
66666	9232
8885	14184
47635	7315
25545	8378
105495	7426
4348	14737
39974	9693
8643	9642
111840	16141
30112	13796
38313	8526
31287	16006
148648	20791
5915	10500
144516	12246
22254	7341
34493	8396
45579	15853
33954	7321
4103	14683
37414	7393
11057	9290
4649	15047
20755	11913
71245	15665
5670	7310
9082	8422
97635	7329
52298	12160
26699	8025
35658	8128
127498	7310
146744	14430
36031	7332
17696	12429
34833	15056
186628	7342
11197	16342
20072	14430
35625	13538
27672	11036
22229	10566
143134	16698
8	7311
44474	13299
292	8515
195791	14266
56368	7310
32477	7315
1762	7353
10409	16258
95356	8289
155983	8245
33031	8262
123531	8559
8410	16321
72025	8634
71166	7728
134934	7426
10231	7317
11707	7310
147912	7848
16330	7353
16105	10742
79378	14867
30389	11877
35588	7374
218	8259
5351	10112
113699	7974
6351	11212
74106	7696
22116	7341
33817	10176
4432	7349
167887	8173
70860	15522
25136	9308
56609	8027
8587	15207
114322	13712
105542	20255
32707	8254
28205	14640
2196	7310
99345	7480
147179	9841
16787	7315
60838	8378
45710	15588
48549	8635
127400	8423
33649	8285
33339	18544
4781	7341
35673	17295
77705	8292
29990	8328
79866	12825
81372	7341
12035	7447
48875	7320
11282	8173
24110	7341
8954	13511
48496	11473
126445	8145
157864	9745
8272	8635
92497	8436
61704	8128
6183	7889
85331	19862
72609	8256
132067	15304
45031	11700
136390	16211
81193	15827
102824	7339
102760	9888
25951	17830
155716	12201
26558	15004
33067	7393
7473	8428
19439	17433
52993	7353
49440	8528
130570	7374
1365	8450
22756	7682
117874	7426
76824	12477
43828	8200
126702	11171
137398	7991
71858	7310
120924	13998
129077	9850
84962	7326
120101	14187
4330	7310
4665	7447
18376	7326
4412	14789
30939	8635
72198	8247
137509	7320
122205	16058
52566	7310
126335	7350
33185	18535
141641	14098
114468	7836
160977	9086
10314	16472
79141	17410
118432	9268
122125	7450
32617	7393
118403	14207
3082	8234
78869	8398
82542	8348
156038	8292
82632	7818
34502	7393
179890	10402
36282	9330
119601	11133
11037	8558
355	8533
39	8224
1972	10537
59396	7426
102121	7741
33221	14360
61097	19064
143727	20637
131507	11006
49920	7429
80275	7325
108224	9006
78503	8234
111707	8245
168121	15556
70539	9632
8050	12075
2555	8293
83720	8242
55246	7410
93111	7391
119320	8223
43310	8341
7614	7448
124364	12075
71765	8575
78094	9464
119475	8577
28625	8223
20998	9199
2169	7310
3350	14194
154246	15780
41299	8259
46713	19123
36624	8295
114505	7341
119702	7342
13429	7310
51893	7393
19606	14031
36731	12808
161322	16400
107634	12324
11593	16653
5325	13214
49579	8611
42516	7339
41782	11144
30083	7630
68050	8037
24047	8220
60252	12981
5972	8664
25502	8772
128564	9883
182684	15535
17521	7315
2407	7607
74148	9554
40880	8234
34640	9731
5015	8070
12781	7393
89230	7310
1738	7393
35188	8632
37856	10007
138621	10838
120033	7310
123154	17821
66626	8853
106327	7393
10467	7310
34937	11940
193851	15657
74556	8259
16224	13824
6057	7643
84417	7404
110806	7393
109811	18934
166504	8292
167387	15603
11494	9266
25343	8527
46021	13614
100818	7317
33859	13018
22089	14143
2883	10891
11428	7423
102929	7315
40004	7426
109	8331
128819	17553
35211	7341
33402	9660
35050	15205
46248	16617
39379	8526
35836	17454
58088	9922
83439	7711
4744	10008
189817	17353
8822	7393
37148	8180
6812	7393
347	7410
78892	8066
9225	16421
181102	20033
20851	7826
3302	8906
120383	7315
525	8165
114363	10892
2611	8287
28638	13220
12849	8000
434	8937
28146	8526
7998	9965
107455	12434
3185	7353
35595	11913
4700	12467
372	8892
33394	7393
21	7378
134597	7491
16575	17267
29242	7889
15451	17178
102893	8772
127933	7374
77624	12346
4892	14534
4926	7391
28551	14475
32367	9128
25921	13670
71773	7889
73339	7310
159419	8526
7312	16211
86240	7393
20986	8594
1429	7888
31772	7310
12200	14211
26333	9129
29647	8638
15609	9222
17426	14374
191919	7320
179328	18014
30907	8223
157749	18526
47706	8509
115864	15747
167344	14286
9159	7836
151396	16079
4598	8833
71179	10403
24939	14368
153569	8261
51586	7326
38944	8315
5397	7374
35407	7761
112828	7353
1949	8089
69466	8254
110813	11488
42571	11834
28333	11072
183263	12819
78870	17455
92924	8328
173695	10172
39834	7320
28756	7665
92560	7393
31288	15395
160235	16051
26300	12045
19897	7312
11053	9330
166647	8868
5316	7310
7750	8226
19299	7374
3351	8379
24981	14697
10765	9621
189614	8268
29897	16417
118523	8472
77714	7319
36140	8500
34490	8172
49392	11932
195836	13350
26077	8226
149898	7310
4916	8717
48047	8526
5615	8526
8540	7995
34343	7310
32235	10945
39104	8056
54779	16768
67520	18792
123864	7393
68835	15843
4302	9198
143576	8571
33843	7823
7275	8182
81019	7326
9856	7326
27948	10723
175739	9416
69584	9629
26964	7481
26996	7374
126107	11985
5716	7445
75992	8525
122708	8489
39612	10864
63199	15915
80295	17116
19185	7310
583	8934
144387	9440
164172	11399
32519	7393
12896	15318
116671	13532
32427	7310
160778	8580
102130	7991
32980	7426
49453	7426
110712	8002
40322	7393
117021	7367
42629	13055
44485	11685
32161	8599
133944	9198
52885	8635
38238	7437
22283	7426
19235	8800
13116	12304
153630	7391
187107	14040
141588	8670
2877	9802
308	8433
115241	13780
32156	9330
36193	9447
152760	11371
66131	9421
3169	7315
36964	8122
6499	7317
5995	7438
38317	13761
95098	8555
49592	8226
153499	8934
