12	489677	1272992475
12	980301	1271894334
12	949221	1271378522
12	470990	1271281250
12	696569	1271110323
12	889968	1270905444
12	313713	1269387113
1145	738101	1268945117
1145	599896	1268660143
1652	913198	1286121211
1652	598020	1286121191
1652	3536189	1286121165
1652	643635	1286121144
1652	309406	1286121125
1652	718410	1286121097
1652	545685	1286121085
1652	939709	1286121068
1652	715869	1286121059
1652	4257982	1286121029
1652	688926	1286121015
1652	401745	1286120999
1652	553957	1286120967
1652	844122	1286120942
1898	24136	1274569334
1898	245510	1274390855
1898	24136	1274356389
2024	24136	1287059476
2196	147461	1271105855
2196	552969	1271014726
2372	5937917	1287759512
2372	5916227	1287713686
2372	689711	1287701916
2372	5911455	1287698363
2372	5882680	1287668944
2372	1398547	1287602819
2372	1527278	1287584181
2372	2054716	1287426285
2372	1327039	1287408798
2372	853966	1287360937
2372	5680834	1287339979
2372	1085644	1287334922
2372	5680834	1287319397
2372	942289	1287319256
2372	1183787	1287264683
2372	5590352	1287231509
2372	1328894	1287206952
2372	5562783	1287201631
2372	501370	1287196450
2372	1334011	1287176715
2372	595107	1287170868
2372	4378025	1287103017
2372	1945752	1287086697
2372	1706194	1287082598
2372	245889	1287078110
2372	1334254	1287018977
2372	1398547	1287006369
2372	2878816	1286558421
2372	2878924	1286558294
2372	1328729	1286545562
2372	3643296	1286498387
2372	1093033	1286483009
2372	793303	1286481744
2372	5100156	1286481109
2372	841228	1286479260
2372	1398547	1286403169
2372	1327039	1286392735
2372	527942	1286377261
2372	1402616	1286322842
2372	5000588	1286305994
2372	4555425	1286231775
2372	2819343	1286204195
2372	1327039	1286196137
2372	724595	1286189988
2372	3175494	1286137700
2372	724595	1286131659
2372	2900754	1286075884
2372	1531112	1286070945
2372	1091657	1286047992
2372	1800259	1286047034
2372	4770850	1285981996
2372	1397462	1285981909
2372	4769209	1285977444
2372	291564	1285975100
2372	1354254	1285961624
2372	724595	1285942013
2372	1551302	1285855093
2372	1398547	1285806219
2372	1328894	1285777968
2372	1327039	1285769018
2372	724595	1285759393
2372	1328894	1285702377
2372	4593160	1285694771
2372	4376996	1285691469
2372	724595	1285677602
2372	1354254	1285608652
2372	1050181	1285549008
2372	439391	1285548606
2372	837711	1285533461
2372	1328894	1285491175
2372	632697	1285489419
2372	2900754	1285479815
2372	1531112	1285475685
2372	1328894	1285404031
2372	4381169	1285389236
2372	4378025	1285380903
2372	729996	1285380818
2372	4377040	1285377528
2372	1345720	1285375641
2372	1945752	1285362278
2372	712571	1285293320
2372	4283583	1285275749
2372	724595	1285254668
2372	4235038	1285207981
2372	1398547	1285201263
2372	1456065	1285188764
2372	1327039	1285164938
2372	1551302	1285159383
2372	724595	1285158078
2372	2833260	1285085537
2372	724595	1285068891
2372	2819343	1285013139
2372	1706194	1285010344
2372	724595	1284997683
2372	1327039	1284992504
2372	724595	1284983234
2372	684828	1284860221
2372	1702042	1284829017
2372	1452754	1284778019
2372	1334011	1284775692
2372	3643296	1284741076
2372	724595	1284729112
2372	481288	1284676297
2372	291564	1284676127
2372	1354254	1284657827
2372	724595	1284644308
2372	3790671	1284592051
2372	1327039	1284563158
2372	676818	1284482035
2372	1354254	1284400713
2372	1327039	1284389480
2372	1489939	1284328638
2372	908806	1284326609
2372	908806	1284265372
2372	2072887	1284256396
2372	640215	1284246239
2372	3139493	1284234369
2372	1455702	1284161965
2372	939676	1284140509
2372	3417198	1284072527
2372	3139493	1284067852
2372	1652504	1284065899
2372	3412311	1284056532
2372	3412006	1284053615
2372	724595	1284038586
2372	1398547	1283982348
2372	1334011	1283974624
2372	1327039	1283959986
2372	724595	1283945744
2372	3318456	1283908169
2372	435183	1283662756
2372	2900754	1283659769
2372	1334254	1283651707
2372	3108970	1283620462
2372	3105682	1283617959
2372	3083307	1283604616
2372	1328894	1283584679
2372	3051807	1283581604
2372	1452754	1283574149
2372	2668903	1283563277
2372	2823239	1283537240
2372	2069703	1283523220
2372	2990412	1283523062
2372	1328894	1283481020
2372	2938666	1283447458
2372	2044586	1283443664
2372	724595	1283431871
2372	2900754	1283398208
2372	2668903	1283394859
2372	1328894	1283377881
2372	1527278	1283354441
2372	1327039	1283348718
2372	724595	1283345928
2372	1328894	1283296053
2372	1354254	1283288230
2372	2823239	1283281984
2372	2819343	1283279745
2372	2815966	1283276283
2372	1328894	1283267586
2372	724595	1283267554
2372	1355822	1283214803
2372	1546992	1283209008
2372	191801	1283207064
2372	1546992	1283195323
2372	1327039	1283178499
2372	923425	1283114544
2372	969249	1283111209
2372	1328894	1283081395
2372	1452754	1283054736
2372	2668903	1283050329
2372	2668903	1283031830
2372	2660264	1283026667
2372	724595	1282918638
2372	2512233	1282867340
2372	2054716	1282855700
2372	1354254	1282855385
2372	1468436	1282853736
2372	1706194	1282853456
2372	2363066	1282847655
2372	1702042	1282843080
2372	724595	1282829620
2372	1398547	1282775166
2372	1706194	1282765330
2372	1527278	1282749229
2372	1327039	1282746223
2372	1551302	1282739217
2372	2054716	1282684815
2372	2363066	1282672758
2372	724595	1282661868
2372	2324710	1282595117
2372	1551302	1282566014
2372	724595	1282565446
2372	1328894	1282529566
2372	724595	1282314345
2372	1328894	1282284895
2372	2072887	1282280244
2372	328373	1282271385
2372	2069703	1282267483
2372	724595	1282267272
2372	1328894	1282259267
2372	1652504	1282254904
2372	2054716	1282250706
2372	2049174	1282242346
2372	2044586	1282238877
2372	724595	1282229858
2372	1398547	1282167430
2372	1327039	1282164935
2372	1328894	1282150503
2372	1328894	1282150503
2372	724595	1282144505
2372	1945752	1282073475
2372	1567825	1282052494
2372	724595	1282047838
2372	1895219	1281982253
2372	1893879	1281980335
2372	724595	1281958421
2372	1328894	1281923188
2372	401973	1281911821
2372	291564	1281911763
2372	1328894	1281862934
2372	1334254	1281859949
2372	1811179	1281853958
2372	1808404	1281845423
2372	1785803	1281816198
2372	1706194	1281729151
2372	1702042	1281723098
2372	1652504	1281648847
2372	1551302	1281623366
2372	724595	1281620597
2372	1334254	1281591892
2372	1600412	1281586726
2372	1443651	1281548011
2372	1327039	1281541677
2372	1594653	1281490294
2372	1354254	1281471345
2372	470990	1281467399
2372	1583314	1281467314
2372	959569	1281459438
2372	724595	1281445219
2372	724595	1281355963
2372	908806	1281246303
2372	1578578	1281240371
2372	1566504	1281105228
2372	1398547	1281047156
2372	1328894	1281028878
2372	724595	1281014697
2372	1328894	1280979977
2372	724595	1280921335
2372	724595	1280846956
2372	1546992	1280768999
2372	724595	1280747612
2372	837711	1280693300
2372	1328894	1280645322
2372	1441391	1280635800
2372	1327039	1280503212
2372	1527278	1280503192
2372	1328894	1280465112
2372	305612	1280452526
2372	1517179	1280336429
2372	1509247	1280197689
2372	1502843	1280087771
2372	632697	1280080189
2372	291564	1280016410
2372	1192390	1280006824
2372	1489939	1279918069
2372	1489366	1279911573
2372	1327039	1279804338
2372	1468436	1279648841
2372	706433	1279597831
2372	549119	1279595241
2372	1468436	1279565836
2372	1328894	1279496958
2372	24136	1279479011
2372	780297	1279419693
2372	236055	1279419674
2372	819061	1279404793
2372	1455702	1279384466
2372	1452754	1279342512
2372	1398547	1279328155
2372	1327039	1279288990
2372	215687	1279243195
2372	1398547	1279235526
2372	1345720	1279214692
2372	1443651	1279207692
2372	1441391	1279157503
2372	1398547	1279145229
2372	1057804	1279138358
2372	1398547	1279061035
2372	1434279	1279038888
2372	1398547	1278971666
2372	1430903	1278968708
2372	1328894	1278910252
2372	632144	1278708256
2372	1398547	1278626582
2372	1328894	1278569804
2372	1404254	1278559878
2372	527942	1278518782
2372	291564	1278461905
2372	1373581	1278090918
2372	1372630	1278080429
2372	818604	1278022752
2372	915800	1277937656
2372	291564	1277937632
2372	1360435	1277850113
2372	1327039	1277821117
2372	1356083	1277766682
2372	1354413	1277742978
2372	1354254	1277741040
2372	1350430	1277663101
2372	1328894	1277587087
2372	632697	1277539911
2372	481288	1277512686
2372	291564	1277512641
2372	959569	1277487079
2372	1327232	1277486861
2372	30063	1277475388
2372	1334254	1277445895
2372	1334011	1277435924
2372	1333968	1277434557
2372	908806	1277433256
2372	1327232	1277399366
2372	1327039	1277383117
2372	1328894	1277346811
2372	1328817	1277344865
2372	1328729	1277342678
2372	1328187	1277331997
2372	1328162	1277331652
2372	1327232	1277317384
2372	1327039	1277314565
2430	1029479	1282314372
2430	1850941	1281988398
2430	643635	1281969676
2430	401745	1281969651
2430	517269	1281668955
2430	498965	1281655562
2430	712163	1281655541
2430	1421213	1281655498
2430	173832	1281655474
2430	328373	1281655462
2430	655844	1281655452
2430	1358922	1281655436
2430	1126673	1281655400
2430	782206	1281655373
2430	187961	1281655339
2430	366366	1281583303
2430	1029479	1281583286
2430	1014155	1281583261
2800	581284	1277752852
2800	1353846	1277735316
2800	313713	1277592232
2800	738806	1277331377
2800	599896	1277331366
2800	773243	1277331353
2800	1328135	1277331287
2800	685722	1277331232
2800	684600	1277331221
3145	1338797	1277503781
3761	4657953	1286913242
3761	4657447	1286587349
3761	4657953	1286547222
3761	4657447	1286325497
3761	4657447	1286063694
3761	4658085	1285815131
3761	4658063	1285815069
3761	4657953	1285814773
3761	4657909	1285814703
3761	4657832	1285814489
3761	4657733	1285814139
3761	4657513	1285813470
3761	4657447	1285813374
3761	4657392	1285813295
3761	4655799	1285808290
4069	840610	1277372924
4069	470990	1271414278
4069	840610	1271299891
4069	836933	1271191916
4069	770199	1271173508
4069	836933	1271169156
4069	840610	1271001042
4069	840610	1270934805
4069	595787	1270920449
4069	313713	1270919913
4069	839369	1270838605
4069	836933	1270833498
4069	461580	1270828953
4069	840610	1270771021
4069	840610	1270699057
4069	840610	1270667614
4069	770199	1270658293
4069	839369	1270653633
4069	836933	1270646234
4069	840610	1270513335
4069	836933	1270477180
4069	840610	1270443728
4069	840610	1270342140
4069	352378	1270333093
4069	840610	1270320466
4069	862880	1270315235
4069	840610	1270231435
4069	852603	1270226710
4069	840610	1270151407
4069	770199	1270139463
4069	840610	1270080561
4069	839369	1270068590
4069	836933	1270064373
4069	837161	1270050578
4069	836933	1270048541
4069	770199	1269276001
4293	1046063	1272727314
4293	1023270	1272385817
4293	246460	1272385636
4293	928181	1272148259
4293	975358	1271869161
4293	942604	1271294092
4293	933915	1271175533
4293	552969	1270600647
4293	873964	1270421261
4293	740079	1270167123
4293	336361	1270141469
4293	551986	1270141453
4293	729186	1269965667
4293	623196	1269697198
4293	798105	1269623605
4293	623196	1269092242
4293	751785	1269090009
4293	696569	1269046618
4293	740362	1268964082
4293	734499	1268912812
4293	729186	1268849240
4293	721075	1268752570
4293	696569	1268449278
4296	24136	1271700517
4297	46964	1255483794
4298	1491514	1279940128
4298	246469	1273939750
4298	731803	1268869495
4298	699810	1268868139
4304	684828	1271558658
4304	274802	1271475089
4304	917870	1271176329
4304	684828	1271035560
4304	924172	1271021113
4304	274802	1271016144
4304	917870	1270947103
4304	395555	1270769456
4304	395555	1270686241
4304	684828	1270508092
4304	448819	1270314802
4304	854822	1270239624
4304	552969	1270141225
4304	684828	1269991902
4304	833118	1269987321
4304	696569	1269902123
4304	684828	1269643072
4304	684828	1269470664
4304	684828	1269300429
4304	766641	1269215605
4304	689711	1269201302
4304	696569	1269046649
4304	736827	1268941486
4304	699810	1268921229
4304	684828	1268873333
4304	699810	1268852309
4304	728547	1268844818
4304	699810	1268831830
4304	684828	1268777244
4304	395555	1268700141
4304	696569	1268449003
4304	689711	1268365524
4304	683213	1268279291
4304	344323	1268239003
4781	24136	1252327729
4781	24116	1252294281
4781	24106	1252288086
4781	23902	1252174986
4781	23805	1252122042
5364	24116	1252294143
5364	24106	1252288243
7015	24136	1277246330
7044	24136	1275605702
9225	808806	1277514259
9225	1336489	1277480469
9225	363444	1277425676
9225	1331602	1277400085
9225	1330872	1277391551
9225	728630	1277348685
9225	1317908	1277348652
9225	1317908	1277258110
9225	1317908	1277171729
10481	1038495	1272642667
10481	744021	1271089592
10481	904080	1270830940
10481	776907	1270137650
10481	783105	1269443511
10481	744021	1269019877
11953	328373	1281457145
11953	336361	1270727503
11953	712163	1268925690
11953	498965	1268925672
11953	655844	1268925654
11953	460892	1264607861
11953	341438	1264322582
11953	443016	1264302424
11953	434797	1264219932
11953	328373	1264002301
11953	341059	1263598260
11953	356265	1263100299
11953	347146	1262998327
11953	328373	1262965964
11953	341438	1262912728
11953	341059	1262907822
11953	338550	1262879165
11953	328373	1262708657
13666	24136	1282428289
14279	1506944	1283200412
14279	2771058	1283200368
14373	1583314	1281568385
14475	191801	1283967185
14475	1237629	1275855818
14475	470990	1275852001
14475	665574	1275169542
14475	682986	1275156704
14475	236055	1275082652
14590	519589	1280594735
14593	1143395	1274373998
14593	236055	1273962330
14593	724595	1273797435
14593	942289	1273691991
14593	724595	1273616608
14593	481288	1273540899
14593	291564	1273540875
14593	536581	1273448100
14593	663367	1273440532
14593	481288	1273383110
14593	291564	1273383101
14593	793303	1273343880
14593	236055	1273343862
14593	1084549	1273335804
14593	724595	1273326852
14593	667864	1273279306
14593	344323	1273276361
14593	779561	1273095202
14593	724595	1273011798
14593	793303	1272845618
14593	236055	1272845599
14593	632697	1272685050
14593	344323	1272679826
14593	724595	1272408425
14593	663367	1272227384
14593	1014155	1272219983
14593	480172	1271896329
14593	291564	1271878272
14593	986772	1271876427
14593	144378	1271821965
14593	724595	1271804362
14593	236055	1271634720
14593	683213	1271574357
14593	966571	1271565175
14593	779561	1271457508
14593	724595	1271380624
14593	632697	1271294418
14593	191801	1271282760
14593	724595	1271198328
14593	930698	1271116766
14593	855501	1271115923
14593	191801	1271114873
14593	925102	1271031935
14593	236055	1271012792
14593	24136	1271006007
14593	793303	1270937926
14593	236055	1270937913
14593	551986	1270929798
14593	908806	1270871851
14593	236055	1270857850
14593	632697	1270779645
14593	724595	1270768615
14593	24136	1270687426
14593	632697	1270601329
14593	663367	1270414090
14593	236055	1270328655
14593	858009	1270268780
14593	683213	1270266264
14593	857440	1270260010
14593	847476	1270163729
14593	169626	1270162702
14593	739697	1270162125
14593	470990	1270062471
14593	793303	1269920336
14593	236055	1269920326
14593	780297	1269920320
14593	552969	1269821677
14593	663367	1269808666
14593	236055	1269649729
14593	236055	1269626229
14593	243153	1269578962
14593	794621	1269570441
14593	793303	1269558168
14593	236055	1269558099
14593	780297	1269394065
14593	236055	1269388049
14593	767086	1269219938
14593	749922	1269061191
14593	632697	1268978026
14593	739697	1268958046
14593	732631	1268877348
14593	724595	1268783924
14593	711083	1268604213
14593	683213	1268461698
14593	344323	1268354084
14593	191801	1268165173
14593	670930	1268157622
14593	663367	1267999941
14593	236055	1267916938
14593	236055	1267838799
14593	24136	1267753664
14593	552969	1267673283
14593	169650	1267495011
14593	620925	1267294731
14593	24136	1262513674
14593	236055	1262368297
14593	232375	1261192321
14593	231290	1261181867
14593	215687	1260935153
14593	213553	1260908248
14593	187381	1260731323
14593	205131	1260729022
14593	201805	1260662082
14593	183685	1260578804
14593	191801	1260493279
14593	183685	1260318245
14593	169650	1260042085
14593	169626	1260041901
14593	169601	1260041614
15027	1202507	1285244529
15027	1202507	1285065858
15027	2786067	1285064731
15027	1202507	1285015454
15027	3256644	1284986893
15027	836579	1284979285
15027	1469979	1284920560
15027	623829	1284917839
15027	846290	1284916508
15027	3965518	1284814702
15027	1791578	1284812706
15027	461580	1284811431
15027	3529745	1284652225
15027	2786067	1284652195
15027	1106170	1283482829
15027	1202507	1283265797
15027	1581780	1283220282
15027	1106170	1283173166
15027	1202507	1280767565
15027	949221	1277933883
15027	846290	1277838589
15027	836579	1277832020
15027	1106170	1277474508
15027	1106170	1276433494
15027	836579	1274123980
15027	836579	1274110759
15027	954079	1273871194
15027	836579	1273664337
15027	173832	1272228042
15027	912354	1272137741
15027	173832	1270156671
15027	846290	1270152933
15027	836579	1270045153
15027	415440	1268172492
15027	290068	1268172308
15027	676818	1268171948
15027	245889	1268171855
15027	506715	1268141988
15027	593739	1268141811
15027	667864	1268141749
15027	344323	1268088316
15027	344371	1268088299
15027	498965	1268088278
15027	607103	1268088238
15027	498881	1268086720
15027	498881	1268062877
15027	632319	1268060009
15027	632319	1267481762
15027	498881	1267449066
15027	607103	1267048045
15290	1472914	1279648382
15359	578557	1285254804
15359	578557	1285217265
15359	1583314	1284993126
15359	284299	1282425175
15359	2203257	1282412388
15359	24136	1281797024
15363	4398937	1285415406
15363	1237629	1285407582
15363	1515356	1282865296
15363	1237629	1282858149
15363	396112	1282739700
15363	2402107	1282738633
15363	1515356	1282729758
15363	1237629	1282729508
15363	1515356	1280452872
15363	1515602	1280440662
15363	1237629	1280440631
15363	1515602	1280317656
15363	1515356	1280313966
15363	1237629	1280313152
15451	1134425	1274191509
15529	5672156	1287316978
15855	4069663	1285275767
15855	4161511	1285082661
15855	4069663	1284933533
16330	987336	1283022494
16330	1583314	1282122679
16330	581284	1280011331
16330	24136	1278154457
16330	663941	1274922722
16330	794633	1274492017
16330	1119735	1273936647
16330	187961	1273706839
16330	187377	1273628229
16330	243153	1272990850
16330	1050448	1272759620
16330	1013740	1272216502
16330	1012029	1272201270
16330	320471	1272150160
16330	552969	1271987498
16330	985743	1271866658
16330	933527	1271692908
16330	969249	1271604297
16330	246469	1271259283
16330	320471	1270998482
16330	917951	1270947844
16330	913198	1270917713
16330	904026	1270830481
16330	187377	1270678879
16330	604128	1270398936
16330	320471	1270326959
16330	614313	1270317215
16330	852524	1270226001
16330	24136	1269389920
16330	568350	1269364053
16330	763977	1269195252
16330	569407	1269144433
16330	755244	1269110830
16330	696873	1268451921
16330	663941	1268007306
16330	470990	1267523815
16330	187377	1267305514
16330	320471	1265585201
16330	515182	1265463200
16330	320471	1262561861
16336	232375	1264828820
16336	475405	1264823150
16336	450392	1264798429
16336	450392	1264697061
16336	450392	1264632525
16336	450392	1264556499
16336	450392	1264506625
16336	450392	1264428735
16566	284299	1269785075
17221	460336	1272390781
17340	1363180	1277911659
17340	560829	1276981567
17340	376982	1276979917
17340	1065573	1276893104
17340	191801	1276797123
17343	24136	1284590455
17343	983279	1284219884
17343	928181	1283437194
17343	336361	1283437174
17343	1526460	1283261008
17343	380346	1283260992
17343	955992	1283260979
17343	401745	1283181048
17343	1123503	1282923573
17343	881081	1282837160
17343	147461	1281435402
17343	955992	1278515465
17343	898798	1275868253
17343	408783	1275868240
17343	24136	1275868203
17343	1123503	1275585146
17343	1209695	1275480172
17343	640729	1275391782
17343	939709	1275391760
17343	988176	1275391735
17343	983082	1275391712
17343	1143179	1275391692
17343	952378	1275391667
17343	983279	1275391651
17343	1108099	1275391638
17343	1027859	1274998129
17343	328373	1274998109
17343	734777	1274998096
17343	1089363	1274998081
17343	886154	1274998065
17343	447877	1274998045
17343	990209	1274998017
17343	606758	1274998004
17343	922027	1274997988
17343	187961	1274997966
17343	1126673	1274997947
17343	782206	1274997930
17343	779852	1274997901
17343	595122	1274996257
17343	147461	1274776904
17343	1015323	1274776813
17343	170125	1274709546
17343	721075	1274709507
17343	696888	1274709448
17343	1072390	1274709417
17343	734499	1274709392
17343	1114603	1274709371
17343	1023270	1274709348
17343	972531	1274709274
17343	740362	1274708807
17343	1150524	1274708679
17343	1116230	1274044556
18355	1087929	1287017307
18355	793610	1286311929
18355	1064706	1284730182
18355	793610	1283986784
18355	1064706	1283774126
18355	793610	1283548671
18355	793610	1283382267
18355	1355632	1283295781
18355	793610	1283292707
18355	1064706	1283279054
18355	680844	1283261719
18355	793610	1283204291
18355	1064706	1283167767
18355	1088843	1283072172
18355	1460040	1283054593
18355	793610	1283019601
18355	793610	1282935948
18355	793610	1282863501
18355	1064706	1282831210
18355	793610	1282784518
18355	1064706	1282746354
18355	1548369	1282580029
18355	1064706	1282563477
18355	1072313	1282420548
18355	793610	1282417409
18355	1117329	1282378288
18355	793610	1282348687
18355	1064706	1282308113
18355	793610	1282251281
18355	1064706	1282225581
18355	2011823	1282177166
18355	793610	1282167171
18355	1064706	1282141511
18355	793610	1282087970
18355	1064706	1282063234
18355	680844	1282051002
18355	793610	1281996735
18355	680844	1281971528
18355	1811059	1281853596
18355	1728456	1281757744
18355	793610	1281736981
18355	680844	1281709724
18355	1355632	1281662507
18355	793610	1281651477
18355	680844	1281626493
18355	793610	1281562102
18355	680844	1281534202
18355	793610	1281481477
18355	680844	1281442961
18355	793610	1281398811
18355	680844	1281362461
18355	1355632	1281141391
18355	793610	1281141382
18355	1482606	1281022765
18355	680844	1281016460
18355	793610	1280963620
18355	680844	1280925490
18355	793610	1280873855
18355	680844	1280843748
18355	1548369	1280786201
18355	793610	1280786150
18355	680844	1280752055
18355	1355632	1280680638
18355	793610	1280673560
18355	1291775	1280592181
18355	793610	1280587000
18355	793610	1280531028
18355	1240688	1280504463
18355	680844	1280493513
18355	680844	1280410849
18355	793610	1280351860
18355	1482606	1280330814
18355	680844	1280321442
18355	1087929	1280283995
18355	1513798	1280273281
18355	1072313	1280272964
18355	793610	1280267699
18355	680844	1280235326
18355	793610	1280180648
18355	1064706	1280164771
18355	793610	1280073179
18355	1491702	1279943821
18355	1355632	1279923688
18355	793610	1279921380
18355	793610	1279839983
18355	1482606	1279813575
18355	680844	1279811795
18355	793610	1279748544
18355	680844	1279724816
18355	793610	1279662638
18355	793610	1279581716
18355	1464913	1279505880
18355	1460040	1279438407
18355	1088843	1279425043
18355	1072313	1279389535
18355	1180714	1279294176
18355	680844	1279282049
18355	1355632	1279280573
18355	793610	1279277476
18355	793610	1279145966
18355	793610	1279064086
18355	1064706	1279019615
18355	1064706	1278955402
18355	1064706	1278585404
18355	793610	1278545771
18355	1064706	1278506821
18355	793610	1278455285
18355	1064706	1278420237
18355	1064706	1278342594
18355	1117329	1278190955
18355	793610	1278114686
18355	793610	1278022430
18355	368023	1278018708
18355	1064706	1277909435
18355	793610	1277848604
18355	1064706	1277807117
18355	1064706	1277759729
18355	1355632	1277758546
18355	1354932	1277748684
18355	1180714	1277566523
18355	1064706	1277466723
18355	793610	1277416498
18355	793610	1277246615
18355	1064706	1277236399
18355	1117329	1277083929
18355	793610	1276908178
18355	1064706	1276862325
18355	1064706	1276774792
18355	793610	1276725807
18355	1064706	1276688140
18355	368023	1276602751
18355	793610	1276554732
18355	1088843	1276400718
18355	793610	1276366010
18355	1262898	1276320442
18355	793610	1276296377
18355	1064706	1276254989
18355	793610	1276213788
18355	1064706	1276170564
18355	793610	1276122033
18355	1064706	1276084160
18355	793610	1276036442
18355	1064706	1276008522
18355	1064706	1275942300
18355	1240688	1275926419
18355	680844	1275914918
18355	368023	1275914842
18355	1180714	1275858190
18355	1072313	1275152664
18355	1187850	1275108900
18355	1064706	1275051093
18355	1180714	1274999077
18355	1064706	1274964380
18355	680844	1274962898
18355	793610	1274912722
18355	680844	1274877696
18355	680844	1274808729
18355	793610	1274739744
18355	793610	1274552102
18355	793610	1274482929
18355	1147826	1274457394
18355	680844	1274450543
18355	793610	1274396260
18355	680844	1274359950
18355	793610	1274314422
18355	793610	1274136528
18355	1117329	1273905811
18355	680844	1273844003
18355	680844	1273759856
18355	793610	1273705128
18355	368023	1273677832
18355	793610	1273614550
18355	680844	1273581104
18355	1087929	1273551038
18355	368023	1273502203
18355	385194	1273495676
18355	1088843	1273377018
18355	1087929	1273363183
18355	793610	1273346370
18355	793610	1273269030
18355	680844	1273238872
18355	793610	1273183581
18355	1072319	1273161665
18355	1072313	1273161583
18355	680844	1273062861
18355	793610	1273025630
18355	1064706	1273002669
18355	680844	1269953438
18355	368023	1269953393
18355	793610	1269560857
18355	680844	1268251200
18355	368023	1263993983
18355	368023	1263298713
18394	1274938	1287515488
18394	1085644	1287515458
18394	855501	1287108016
18394	5444409	1287107946
18394	1272852	1287107921
18394	415440	1287107174
18394	1472591	1286761054
18394	3314638	1286760857
18394	1272852	1286674297
18394	489677	1286673976
19867	371197	1264903542
19867	308377	1264903483
19867	208518	1264903427
19867	481716	1264899473
19867	354085	1264899425
19867	336361	1264896989
19867	146971	1264896967
19867	354055	1264896928
19867	353542	1264896880
19867	313713	1264896780
19867	468607	1264726062
19867	450392	1264656371
19867	462066	1264622029
19867	461986	1264620393
19867	461580	1264616726
19867	461475	1264615746
19867	450392	1264522773
19867	450392	1264470216
19966	1300437	1286125460
19966	4695852	1285874491
19966	3844158	1285342576
19966	3794263	1285338941
19966	1800259	1285296096
19966	880575	1285289508
19966	3844158	1285272791
19966	3794263	1285076988
19966	3844158	1284668783
19966	3794263	1284655072
19969	5779093	1287477417
19969	1333521	1287456251
19969	5770544	1287439379
19969	1331928	1287401134
19969	1333521	1287351893
19969	5700534	1287342595
19969	439391	1287342165
19969	5691514	1287335145
19969	5633396	1287322826
19969	1346633	1287272795
19969	2234049	1287272358
19969	5646514	1287266677
19969	5644074	1287265521
19969	5643954	1287265442
19969	1368839	1287264029
19969	461580	1287263914
19969	1346633	1287261714
19969	5633396	1287258820
19969	5627856	1287252301
19969	1365600	1287237733
19969	1333521	1287236324
19969	213553	1287229471
19969	1339013	1287187487
19969	2771058	1287173775
19969	1331928	1287144644
19969	1365600	1287137261
19969	1333521	1287103422
19969	1362025	1287096604
19969	455389	1287084075
19969	470990	1287048529
19969	1345006	1287018638
19969	1365600	1287015891
19969	1333521	1287012207
19969	1331928	1286987862
19969	5408835	1286970308
19969	1546705	1286969529
19969	4171548	1286913274
19969	3638484	1286890142
19969	3638484	1286829625
19969	5337086	1286819116
19969	3638484	1286804494
19969	3638484	1286719611
19969	754628	1286628138
19969	761489	1286628120
19969	1333521	1286588143
19969	5174552	1286586681
19969	1339013	1286582036
19969	5147970	1286555095
19969	5147365	1286554594
19969	1354235	1286554400
19969	1331928	1286539153
19969	1365600	1286533132
19969	147461	1286500728
19969	1583314	1286452502
19969	470990	1286452487
19969	1333521	1286404495
19969	1562115	1286380722
19969	1331928	1286367224
19969	1362025	1286319777
19969	1331928	1286278835
19969	1362025	1286233964
19969	1333521	1286231711
19969	1354235	1286208062
19969	880326	1286207431
19969	1358918	1286207418
19969	1331928	1286193847
19969	1853513	1286140333
19969	1546705	1286132788
19969	1333521	1286119777
19969	1345006	1286116643
19969	4812898	1286040417
19969	1339013	1285971621
19969	1333521	1285968262
19969	4760935	1285964598
19969	1331928	1285932283
19969	1365600	1285927699
19969	1362025	1285887179
19969	1333521	1285884915
19969	4670197	1285843315
19969	1333521	1285812939
19969	147461	1285785649
19969	1583314	1285617355
19969	4542400	1285603702
19969	4539994	1285601741
19969	1333521	1285519830
19969	1349820	1285518408
19969	1345006	1285513762
19969	1333521	1285466545
19969	4449465	1285460901
19969	1346633	1285460589
19969	1365600	1285425152
19969	213553	1285418691
19969	1749466	1285413709
19969	1748959	1285413453
19969	1333521	1285380969
19969	1421213	1285373674
19969	1333521	1285369062
19969	1331928	1285329575
19969	1333521	1285324949
19969	1365600	1285322646
19969	1333521	1285286821
19969	1362025	1285282786
19969	1562115	1285257510
19969	1358918	1285255434
19969	1331928	1285242970
19969	1365600	1285202128
19969	1333521	1285201395
19969	1411761	1285197565
19969	1333521	1285187292
19969	559783	1285177851
19969	1562115	1285171043
19969	1358918	1285170829
19969	1331928	1285156304
19969	1333521	1285116460
19969	1362025	1285109229
19969	1333521	1285101544
19969	4171548	1285095407
19969	3638484	1285067753
19969	1333521	1285031830
19969	1362025	1285025016
19969	1333521	1285020503
19969	1562115	1284998226
19969	1331928	1284983397
19969	2739154	1284939840
19969	1333521	1284934931
19969	4066095	1284924728
19969	4065721	1284924252
19969	1322668	1284922606
19969	4064333	1284922403
19969	4064085	1284921759
19969	4063609	1284920599
19969	1346633	1284919396
19969	2234427	1284918277
19969	4057153	1284915297
19969	1333521	1284911113
19969	1345006	1284908488
19969	1333521	1284898088
19969	4032134	1284894844
19969	1339013	1284851863
19969	1333521	1284842769
19969	2688184	1284840286
19969	1333521	1284814540
19969	984481	1284808668
19969	1749440	1284808492
19969	1748959	1284808476
19969	3932810	1284770697
19969	344323	1284769730
19969	1333521	1284767584
19969	1345006	1284764863
19969	3930115	1284764486
19969	1333521	1284752723
19969	3638484	1284732252
19969	3638484	1284663006
19969	3638484	1284635467
19969	3638484	1284593923
19969	3638484	1284466516
19969	3638484	1284377853
19969	1333521	1284369727
19969	2688184	1284310941
19969	1333521	1284306289
19969	3592233	1284303701
19969	1333521	1284256228
19969	2234049	1284252723
19969	559783	1284243781
19969	1346633	1284242278
19969	1273621	1284238371
19969	1333521	1284232645
19969	1365600	1284215695
19969	754628	1284204921
19969	1339013	1284166230
19969	1362025	1284160669
19969	1333521	1284157832
19969	1562115	1284134670
19969	1358918	1284132072
19969	1331928	1284119831
19969	1333521	1284116178
19969	1365600	1284112924
19969	1333521	1284071293
19969	1331928	1284041150
19969	3389802	1284034236
19969	1365600	1283991971
19969	1333521	1283985446
19969	1562115	1283961948
19969	1358918	1283959818
19969	1331928	1283947788
19969	1411761	1283899463
19969	1333521	1283891459
19969	1583314	1283889056
19969	687783	1283608232
19969	470990	1283605096
19969	1583314	1283605081
19969	1333521	1283602886
19969	1333521	1283566811
19969	1851515	1283565637
19969	1339013	1283561127
19969	1362025	1283555736
19969	1333521	1283552595
19969	1553998	1283552183
19969	1331928	1283531892
19969	3001581	1283531007
19969	880326	1283528474
19969	1358918	1283526188
19969	1331928	1283517353
19969	1333521	1283511043
19969	1365600	1283509901
19969	1349820	1283470737
19969	1333521	1283466998
19969	1331928	1283454320
19969	2944286	1283449868
19969	880326	1283449617
19969	1331928	1283428036
19969	1333521	1283390366
19969	147461	1283388918
19969	2852170	1283337455
19969	1583314	1283336677
19969	984549	1283336645
19969	1365600	1283302252
19969	1362025	1283297876
19969	1333521	1283296620
19969	1970079	1283252357
19969	1333521	1283218184
19969	997787	1283211131
19969	1970079	1283165188
19969	2739154	1283125546
19969	2733639	1283116563
19969	1791578	1283114956
19969	2732304	1283114529
19969	2731960	1283114021
19969	461580	1283111897
19969	1346633	1283108803
19969	1333521	1283103089
19969	1414123	1283096403
19969	1221784	1283089354
19969	2688184	1283044769
19969	1333521	1283037185
19969	1333521	1283001428
19969	1749466	1283000239
19969	984481	1282993662
19969	1749440	1282993557
19969	1748959	1282993200
19969	1339013	1282954354
19969	1362025	1282950972
19969	1333521	1282947581
19969	2579135	1282946483
19969	1331928	1282936663
19969	2563516	1282933915
19969	1331928	1282924721
19969	1354235	1282923451
19969	880326	1282923055
19969	1358918	1282921509
19969	1331928	1282910658
19969	1333521	1282905446
19969	1365600	1282903142
19969	1362025	1282863476
19969	1333521	1282860462
19969	1331928	1282821414
19969	1333521	1282781826
19969	455389	1282779739
19969	1583314	1282779699
19969	1583314	1282650922
19969	470990	1282650880
19969	1362025	1282606087
19969	1333521	1282603045
19969	1331928	1282585954
19969	1354235	1282584698
19969	2313944	1282583740
19969	1331928	1282564017
19969	1333521	1282504970
19969	808806	1282492052
19969	1333521	1282478205
19969	2243418	1282471152
19969	2234427	1282434616
19969	2234049	1282434257
19969	1333521	1282433172
19969	1346633	1282431168
19969	1346382	1282427468
19969	2220889	1282426315
19969	2217781	1282423485
19969	2216953	1282422437
19969	461580	1282421966
19969	559783	1282418072
19969	1780283	1282415703
19969	1782923	1282415675
19969	1346633	1282413800
19969	1333521	1282406817
19969	1345006	1282399476
19969	1333521	1282395974
19969	1749466	1282394756
19969	213553	1282387983
19969	1749440	1282387970
19969	1748959	1282387940
19969	1333521	1282355146
19969	1339013	1282351300
19969	1333521	1282343340
19969	1331928	1282324266
19969	1562115	1282323421
19969	1358918	1282321846
19969	1331928	1282304663
19969	1333521	1282300896
19969	1365600	1282298744
19969	1333521	1282269537
19969	1362025	1282258470
19969	1333521	1282256975
19969	1331928	1282217944
19969	1365600	1282177514
19969	1553998	1282172388
19969	1333521	1282170826
19969	1331928	1282159391
19969	1354235	1282157546
19969	880326	1282157153
19969	1970079	1282135314
19969	1362025	1282085223
19969	1333521	1282082432
19969	1331928	1282077250
19969	1332387	1282068286
19969	880326	1282068255
19969	1331928	1282046178
19969	1333521	1282013605
19969	232107	1282013521
19969	1362025	1282000575
19969	1333521	1281998608
19969	1332387	1281990352
19969	1562115	1281989416
19969	1331928	1281976507
19969	1562115	1281976489
19969	1332387	1281973113
19969	1358918	1281972972
19969	1331928	1281959903
19969	1333521	1281908030
19969	1853513	1281906150
19969	504446	1281903649
19969	1851515	1281901175
19969	1842142	1281892809
19969	1333521	1281840307
19969	1333521	1281824933
19969	1794289	1281821439
19969	1791578	1281819160
19969	1346633	1281818304
19969	28982	1281816104
19969	1782923	1281813231
19969	1780283	1281811906
19969	1345006	1281794835
19969	1333521	1281791372
19969	213553	1281784427
19969	1749440	1281784009
19969	1748959	1281783692
19969	1339013	1281746724
19969	1362025	1281741696
19969	1346633	1281739415
19969	1333521	1281736793
19969	1707220	1281732075
19969	1331928	1281721224
19969	1697966	1281720015
19969	643458	1281718802
19969	643614	1281713717
19969	313713	1281713520
19969	1562115	1281705028
19969	1331928	1281702717
19969	1333521	1281696248
19969	1365600	1281694497
19969	1362025	1281653186
19969	1333521	1281650614
19969	1332387	1281640489
19969	1562115	1281640458
19969	880326	1281635860
19969	1331928	1281615346
19969	1365600	1281573502
19969	1411761	1281570512
19969	1333521	1281567642
19969	1331928	1281528687
19969	1333521	1281490322
19969	1583314	1281489208
19969	147461	1281489191
19969	147461	1281430843
19969	470990	1281430700
19969	1333521	1281403581
19969	1589335	1281402069
19969	1362025	1281395477
19969	1333521	1281391977
19969	1331928	1281354829
19969	1333521	1281307361
19969	461986	1281304193
19969	461580	1281304137
19969	461475	1281303170
19969	1346633	1281285610
19969	1333521	1281231394
19969	1333521	1281220400
19969	1339013	1281219995
19969	1333521	1281203102
19969	147461	1281201348
19969	1441189	1281134123
19969	147461	1281131438
19969	1331928	1281110662
19969	1331928	1281096472
19969	1333521	1281069730
19969	1564270	1281064705
19969	1331928	1281029596
19969	1562115	1281027509
19969	1331928	1281010466
19969	1365600	1280967723
19969	1333521	1280954269
19969	1331928	1280923577
19969	1553998	1280882649
19969	1333521	1280880650
19969	1362025	1280875905
19969	1546705	1280863427
19969	1552815	1280862891
19969	1551757	1280852019
19969	1551577	1280850389
19969	1438873	1280850284
19969	1401554	1280845540
19969	506715	1280845527
19969	1546705	1280838547
19969	1333521	1280800355
19969	1362025	1280796187
19969	1333521	1280788184
19969	1546705	1280779997
19969	1547032	1280769243
19969	1546705	1280765932
19969	1333521	1280691097
19969	1333521	1280674468
19969	1333521	1280618817
19969	1346633	1280613438
19969	1537003	1280611308
19969	1536933	1280610788
19969	313713	1280610721
19969	1333521	1280581256
19969	213553	1280581234
19969	1339013	1280537665
19969	1362025	1280531215
19969	1333521	1280530902
19969	1331928	1280504426
19969	1358918	1280504416
19969	1331928	1280492162
19969	1333521	1280489723
19969	1365600	1280484000
19969	1362025	1280443585
19969	1333521	1280442402
19969	1358918	1280421643
19969	1331928	1280405569
19969	1333521	1280371318
19969	1365600	1280365665
19969	1333521	1280356676
19969	1331928	1280340647
19969	1354235	1280339625
19969	1517353	1280338306
19969	1517346	1280338240
19969	880326	1280338168
19969	1362025	1280271139
19969	1333521	1280268150
19969	455389	1280266544
19969	147461	1280149070
19969	1333521	1280091073
19969	1414123	1280079014
19969	1333521	1280017102
19969	1333521	1279993863
19969	213553	1279993837
19969	1333521	1279935805
19969	1362025	1279935795
19969	1331928	1279887255
19969	1333521	1279844074
19969	1362025	1279844068
19969	1331928	1279800629
19969	1333521	1279762770
19969	1365600	1279760920
19969	1331928	1279734245
19969	1333521	1279670631
19969	1362025	1279670615
19969	1473633	1279656831
19969	1331928	1279628996
19969	1333521	1279578592
19969	1333521	1279409023
19969	1333521	1279376221
19969	213553	1279370615
19969	1339013	1279327030
19969	1333521	1279326361
19969	1362025	1279326272
19969	1333521	1279308676
19969	1448256	1279286328
19969	1333521	1279248798
19969	1333521	1279225110
19969	1365600	1279153548
19969	1333521	1279147557
19969	1333521	1279073961
19969	1345006	1279069986
19969	1333521	1279059733
19969	1365600	1278983458
19969	1333521	1278974549
19969	1333521	1278901875
19969	1333521	1278865549
19969	1333521	1278773143
19969	1333521	1278724634
19969	1414123	1278721406
19969	1333521	1278698968
19969	1411761	1278695714
19969	1339013	1278628730
19969	1333521	1278621677
19969	1407039	1278613132
19969	1407031	1278613062
19969	655136	1278612370
19969	1365600	1278554927
19969	1333521	1278541852
19969	1331928	1278508517
19969	1333521	1278465973
19969	1331928	1278419947
19969	1333521	1278380622
19969	1365600	1278376292
19969	1333521	1278369487
19969	1331928	1278348679
19969	1333521	1278254975
19969	1339013	1278201750
19969	1333521	1278199880
19969	1382474	1278196491
19969	1333521	1278157714
19969	213553	1278153493
19969	1333521	1278107502
19969	1331928	1278090233
19969	1337077	1278079041
19969	1331928	1278069507
19969	1365600	1278037134
19969	1333521	1278029560
19969	1368407	1278004927
19969	1367028	1277986379
19969	1333521	1277950659
19969	1365600	1277944476
19969	1333521	1277936782
19969	1331928	1277930481
19969	880326	1277917016
19969	1358918	1277915872
19969	1331928	1277899661
19969	1333521	1277893699
19969	1362025	1277893567
19969	1339013	1277853481
19969	1333521	1277850632
19969	1358918	1277830547
19969	1331928	1277813257
19969	1333521	1277752819
19969	1354235	1277740809
19969	880326	1277740400
19969	1331928	1277727121
19969	1339013	1277680319
19969	1333521	1277678363
19969	212196	1277669776
19969	1346633	1277669378
19969	1333521	1277656972
19969	1349820	1277656761
19969	1333521	1277603391
19969	1346633	1277601787
19969	1346524	1277600294
19969	1346419	1277598736
19969	1346382	1277598218
19969	1346220	1277596237
19969	461580	1277595556
19969	1333521	1277586921
19969	1345006	1277582411
19969	1333521	1277560519
19969	213553	1277548282
19969	1339013	1277506333
19969	1333521	1277503086
19969	1331928	1277485954
19969	1337077	1277485876
19969	1331928	1277467653
19969	1333521	1277424201
19969	1332387	1277408110
19969	1331928	1277403346
20381	1470099	1287540398
20381	5813723	1287528653
20381	291564	1287528481
20381	1470099	1287525708
20381	5807994	1287517818
20381	1522976	1287484424
20381	1470099	1287447146
20381	4128782	1287446069
20381	1522976	1287422860
20381	313768	1287416374
20381	313713	1287416346
20381	1470099	1287369687
20381	1501208	1287333973
20381	1844266	1287331592
20381	1470099	1287280560
20381	595045	1287266998
20381	5633664	1287259364
20381	1014155	1287252691
20381	5174281	1287191134
20381	1522976	1287172849
20381	2818355	1287160747
20381	1077509	1287158022
20381	1522976	1287145148
20381	5498052	1287102497
20381	5497256	1287099511
20381	4529162	1287097112
20381	1522976	1287083395
20381	313713	1287076670
20381	5486301	1287076516
20381	1467841	1287074318
20381	1522976	1287059854
20381	5466854	1287056565
20381	1510423	1287055050
20381	1470099	1287022115
20381	651028	1287016808
20381	1522976	1286992771
20381	1522976	1286972516
20381	1470099	1286921282
20381	5386032	1286915207
20381	313713	1286914421
20381	295462	1286907349
20381	1470099	1286847958
20381	5348074	1286838645
20381	1522976	1286811409
20381	1470099	1286795513
20381	1470099	1286761503
20381	5310813	1286758993
20381	5306224	1286748832
20381	5301219	1286741935
20381	2266211	1286738986
20440	4161511	1286405720
20440	504527	1286244022
20440	873964	1286243974
20440	308164	1286243920
20440	501789	1286243856
20440	4161511	1286243775
20479	1050181	1286498086
20479	5041003	1286380548
20479	469474	1286368830
20479	2776587	1286365318
20479	924172	1286364303
20479	4967943	1286324790
20479	1180789	1286308627
20479	622592	1286308608
20479	685722	1286308588
20479	1953082	1286308564
20479	1396738	1286308534
20479	4967943	1286308500
20479	469474	1286272549
20479	4967943	1286272405
20479	1406370	1286270251
20479	3415750	1286270237
20479	485287	1286270143
20479	2462464	1286270093
20507	24136	1287317319
22276	1583314	1282651290
23816	215425	1262140346
23816	215425	1261924820
23816	215425	1260931624
24654	633461	1267505697
24654	632542	1267485901
24654	605653	1267474574
25131	3417198	1287058880
25131	3417198	1286713802
25131	418195	1286663458
25131	1191613	1286663416
26292	307346	1268607456
26292	308057	1268576259
26292	446364	1264360153
26292	443153	1264303488
26292	213553	1264291602
26292	307346	1264288563
26292	28982	1264273844
26292	322608	1263937433
26292	406540	1263820475
26292	404645	1263775947
26292	392759	1263652725
26292	322608	1263411150
26292	371197	1263337968
26292	371188	1263337879
26292	208518	1263337641
26292	187961	1263311329
26292	368241	1263303274
26292	360788	1263168891
26292	28982	1263161694
26292	213553	1263160316
26292	308057	1263101126
26292	355508	1263091639
26292	354851	1263086568
26292	354085	1263080447
26292	354055	1263080182
26292	353542	1263076190
26292	313713	1263076103
26292	308057	1263024934
26292	346846	1262995656
26292	323233	1262977742
26292	344982	1262977463
26292	322608	1262960039
26292	245512	1262906480
26292	340970	1262906436
26292	340769	1262903879
26292	340657	1262902685
26292	339513	1262890854
26292	338551	1262879126
26292	322608	1262879031
26292	308057	1262870224
26292	336361	1262826087
26292	743728	1262824930
26292	322608	1262785436
26292	308057	1262706255
26292	322608	1262700751
26292	308057	1262645807
26292	325222	1262644449
26292	323233	1262622801
26292	323040	1262619716
26292	322608	1262612530
26292	308057	1262579617
26292	320337	1262560566
26292	320276	1262559950
26292	319758	1262554605
26292	308057	1262552148
26292	307346	1262512197
26292	313768	1262465118
26292	313713	1262464555
26292	307346	1262459384
26292	312815	1262456704
26292	312771	1262456376
26292	307346	1262393991
26292	309406	1262393062
26292	308377	1262380706
26292	308164	1262378323
26292	308057	1262376879
26292	307728	1262372590
26292	307346	1262365853
29908	1526460	1280493711
30861	757748	1269123869
30861	24136	1268828991
32075	1171767	1287535541
32075	469474	1280793173
32075	1202316	1279661512
32075	1173699	1278598911
32075	1202316	1278591960
32075	1180789	1278591370
32075	1202316	1278506280
32075	1202316	1278449547
32075	830496	1278434514
32075	1173699	1278419609
32075	1202316	1278417091
32075	1180789	1278416288
32075	1180789	1278326807
32075	928181	1278073845
32075	1180789	1278072730
32075	469474	1278026215
32075	1180789	1278021135
32075	1173699	1277988737
32075	1202316	1277987923
32075	1180789	1277987372
32075	643447	1277934817
32075	313713	1277934738
32075	1202316	1277934393
32075	1173699	1277916415
32075	1179177	1277916405
32075	1173699	1277904031
32075	1202316	1277903183
32075	1180789	1277902505
32075	1202316	1277815108
32075	1180789	1277814511
32075	643447	1277761242
32075	313713	1277761211
32075	1202316	1277727408
32075	1180789	1277726806
32075	581330	1277473543
32075	1202316	1277468922
32075	643447	1277329864
32075	313713	1277329839
32075	1202316	1277329021
32075	581330	1277309931
32075	1202316	1277297210
32075	1180789	1277296608
32075	1202316	1277243605
32075	1322218	1277224397
32075	1202316	1277211170
32075	1180789	1277210395
32075	313713	1277157423
32075	1202316	1277156660
32075	1179177	1277138304
32075	1202316	1277124114
32075	1180789	1277123583
32075	1171767	1277086203
32075	663941	1277075813
32075	1171767	1276905485
32075	643447	1276898390
32075	313713	1276898350
32075	1202316	1276897621
32075	1173699	1276884977
32075	699939	1276878337
32075	1202316	1276865040
32075	1180789	1276864288
32075	1180789	1276812108
32075	1202316	1276811136
32075	1173699	1276780312
32075	1202316	1276779469
32075	1180789	1276778880
32075	643447	1276725804
32075	1202316	1276725079
32075	1207469	1276705510
32075	1173699	1276695539
32075	1202316	1276692098
32075	1180789	1276691247
32075	1171767	1276656204
32075	1110953	1276646765
32075	1171767	1276637779
32075	1050399	1276623222
32075	1173699	1276613283
32075	1202316	1276604525
32075	1180789	1276603846
32075	1171767	1276570230
32075	1173699	1276520400
32075	1202316	1276519676
32075	1180789	1276518939
32075	469474	1276384661
32075	352378	1276376499
32075	1171767	1276299480
32075	1180789	1276299137
32075	643447	1276293664
32075	1202316	1276292839
32075	1173699	1276276461
32075	685534	1276273469
32075	1173699	1276260270
32075	1202316	1276259481
32075	1180789	1276258712
32075	1171767	1276207740
32075	1180789	1276207086
32075	1202316	1276205519
32075	1173699	1276192715
33721	1055312	1285446678
33721	988176	1285113774
33721	3989818	1284832395
34592	24136	1280117819
37439	943036	1271301208
37439	489715	1269312087
37439	692876	1268858675
37439	246476	1268418088
37439	692876	1268417921
37439	499290	1265897661
38018	756264	1286066190
38018	474511	1285980255
38018	1725662	1281749677
38018	1124547	1275534180
38018	243153	1275495829
38018	1150713	1275098353
38018	246469	1274893846
38018	246469	1274717059
38018	1161358	1274632371
38018	1150713	1274488795
38018	246469	1274229903
38018	1131198	1274114461
38018	1124547	1273989306
38018	320471	1273886077
38018	187381	1273880385
39983	435451	1280646359
39983	24136	1264284688
39983	435451	1264233290
39983	435183	1264226254
39983	433841	1264209954
39983	428111	1264133250
39983	416190	1263947464
39983	407030	1263916332
39983	411158	1263871033
39983	407030	1263828088
40318	24136	1281920882
40318	1597290	1281896048
40318	1473619	1281791025
40318	1473619	1281705803
40318	224482	1281650398
40318	1477315	1281640407
40318	1601978	1281618152
40318	1035544	1281617243
40318	1597290	1281541167
40318	454858	1281541029
40318	776719	1281540420
40318	1473619	1281540409
40318	1391295	1281540386
40318	595107	1281480088
40318	1473619	1281461990
40318	24136	1281393204
40318	470990	1280920929
40318	776719	1280918910
40318	776737	1280918898
40318	1473619	1280918878
40318	1477315	1280871477
40318	1477315	1280852178
40448	24136	1280511286
43677	936111	1271199856
43677	460336	1269819438
43677	699531	1269819359
43707	3371823	1284130988
43707	3371823	1284091333
43707	3424045	1284081019
43707	1300103	1284046561
43707	2532311	1284036764
43707	3371823	1283998301
43707	1489992	1283945335
43707	1248396	1283945241
43707	1954754	1283945102
43707	24136	1283943018
43707	1309196	1283942876
43745	598020	1268762311
43745	412272	1268691944
43745	696888	1268629916
43745	648642	1268595866
43745	623925	1268534078
43745	696888	1268452089
43745	670856	1268417297
43745	670856	1268328966
43745	666374	1268069307
43745	568350	1267907458
43745	648642	1267812453
43745	643635	1267723305
43745	572325	1267552215
43745	623925	1267320279
43745	598020	1267030085
43745	602012	1266947937
43745	598020	1266856727
43745	595250	1266789623
43745	595127	1266788386
43745	595107	1266788201
43745	583740	1266624176
43745	454858	1266608993
43745	581291	1266595313
43745	572325	1266423402
43745	568350	1266340460
43772	494470	1266596182
43772	178882	1260903829
43772	178882	1260278511
43772	178882	1260219358
43779	460336	1264597935
43779	459187	1264563459
43779	428100	1264548603
45167	818604	1269800227
45167	599896	1269221596
45167	599896	1269148011
45167	653998	1267888303
45167	599896	1267888174
46229	481288	1281400943
46229	291564	1281400896
46229	262488	1280100182
46229	1488072	1279901970
46229	941319	1279816202
46229	1472236	1279640964
46229	1262209	1279556417
46392	24136	1276371390
46835	377288	1271892477
46835	685552	1270509549
46835	845036	1270143274
46835	308377	1270143066
46835	736827	1269967947
46835	678386	1269733135
46835	678386	1269405998
46835	684712	1269351881
46835	692572	1268933581
46835	678386	1268880671
46835	679384	1268858082
46835	679384	1268769073
46835	245510	1268750254
46835	679384	1268663428
46835	377288	1268611334
46835	198233	1268578203
46835	678386	1268547163
46835	705761	1268536233
46835	678386	1268508558
46835	678386	1268449693
46835	692572	1268415570
46835	198233	1268402253
46835	678386	1268353620
46835	679384	1268330209
46835	685552	1268325220
46835	679384	1268315576
46835	684712	1268314012
46835	678386	1268271327
46835	679384	1268231948
46835	198233	1268229593
46835	678386	1268200106
46900	4491892	1285523045
46900	1293750	1285339389
46900	1293750	1285072618
46900	24136	1285061887
46900	24136	1284063925
46900	1293750	1284039674
46900	1444074	1283987051
46900	1293750	1283943988
46900	246469	1283886480
46900	1317908	1283871730
46900	24136	1283157564
46900	24136	1278613162
46900	1293750	1278606660
46900	1404243	1278559403
46900	1293750	1278320715
46900	24136	1278317767
46900	1293750	1276783697
47121	952378	1281977934
47121	862385	1281201880
47121	605786	1280245021
47121	605786	1277998297
47121	1345747	1277591680
47121	952378	1277398127
47121	1291980	1276737417
47121	1057804	1276623474
47121	845651	1276526095
47121	1266398	1276363806
47121	605786	1276189926
47121	470990	1275860631
47121	763697	1275578503
47121	1191613	1275154226
47121	643635	1274375662
47121	952378	1274371142
47121	952378	1274283512
47121	1136763	1274227428
47121	845651	1274104125
47121	352803	1274092886
47121	663941	1273879894
47121	1108099	1273763092
47121	1028014	1273678866
47121	1057804	1273663632
47121	1099114	1273593764
47121	643635	1273250379
47121	845651	1273177719
47121	952378	1273076010
47121	1065311	1273012635
47121	845651	1272894339
47121	1057804	1272885105
47121	845651	1272647760
47121	732351	1272479890
47121	1028014	1272471709
47121	575308	1272405004
47121	845651	1272397156
47121	845651	1272290266
47121	144378	1272249147
47121	845651	1272031338
47121	844122	1271696664
47121	845651	1271683560
47121	972148	1271631183
47121	966110	1271557391
47121	959569	1271510169
47121	916815	1270938606
47121	862385	1270319980
47121	845651	1270148017
48671	5147508	1287587331
48671	4921381	1287578282
48671	2377637	1287523597
48671	5799011	1287503391
48671	5633084	1287436349
48671	2208947	1287319077
48671	2286547	1287297152
48671	4768468	1287184884
48671	2286547	1287181694
48671	4921381	1287169575
48671	4921381	1287065820
48671	4921381	1286198949
48671	2208947	1286144816
48671	2286547	1286121455
48671	2208947	1286114546
48671	4768468	1285976616
48671	3417474	1285892124
48671	607188	1285884839
48671	2286547	1285470309
48671	3134309	1285387316
48671	4363219	1285360895
48671	2208947	1285274900
48671	4261156	1285259277
48671	2286547	1285250990
48671	4250430	1285245416
48671	2208947	1284934773
48671	2286547	1283660454
48671	2286547	1283485183
48671	2377637	1283295745
48671	2286547	1283135694
48671	593989	1283102460
48671	2208947	1283093164
48671	2286547	1283043411
48671	2286547	1282874087
48671	2286547	1282533142
51816	1489992	1283626227
51816	1583314	1283513209
51816	591769	1283479378
51816	829002	1283355609
51816	147461	1283259375
51816	470990	1283259316
51816	1583314	1283259294
51816	2796188	1283256244
51816	24136	1283244543
51816	1528842	1280517253
51816	24136	1280517023
51816	461580	1280441676
51816	816985	1280441617
51816	712571	1280359183
51816	589746	1280270900
51816	829002	1280263547
51816	816985	1280181217
51816	829002	1280150074
51816	24136	1280133805
51816	24136	1269976513
51816	829002	1269945642
51816	24136	1269908116
51816	24136	1269853417
51816	705761	1269800967
51816	743728	1269791525
51816	650883	1269791508
51816	461580	1269791492
51816	461475	1269791472
51816	776989	1269791380
51816	338565	1269791369
51816	816985	1269787893
51816	24136	1269767620
53139	24136	1287271244
55300	939676	1272413906
55300	983082	1272413876
55300	939676	1271261740
55300	905267	1270314958
58121	583809	1266624916
58121	574452	1266450432
58121	574436	1266450168
58121	344982	1265817723
58121	532409	1265733429
58121	338551	1265729749
58121	374424	1265729728
58121	458394	1265681618
58121	224482	1265640707
58121	458394	1265602760
58121	452351	1265386220
58121	407029	1265383482
58121	458394	1265339906
58121	506829	1265329491
58121	504374	1265301752
58121	499258	1265212676
58121	458394	1265159480
58121	496818	1265155836
58121	458394	1265071663
58121	224482	1265042134
58121	455389	1265029115
58121	379318	1265028740
58121	470990	1264778072
58121	458394	1264774636
58121	458394	1264644372
58121	363444	1264606880
58121	224482	1264605227
58121	458394	1264552090
58121	224482	1264551892
58121	455389	1264519185
58127	3233824	1283790599
58127	581284	1283529784
58127	407448	1281573113
58127	858009	1278198587
58127	446364	1275411210
58127	506829	1275064331
58127	236055	1274558247
58127	246460	1274113353
58127	24136	1273877730
58127	363444	1273790486
58127	246476	1273681846
58127	552969	1273622501
58127	783739	1273505102
58127	769154	1273494351
58127	930698	1273438587
58127	461580	1273427178
58127	262488	1273365734
58127	1084762	1273337360
58127	769154	1273235064
58127	769154	1273149799
58127	323233	1272902417
58127	743728	1272823567
58127	461580	1272743473
58127	313713	1272667744
58127	684600	1272456089
58127	790722	1272299755
58127	24136	1272201164
58132	412272	1285767041
58132	454858	1285106725
58132	763697	1284933930
58132	236055	1281659076
58132	224482	1280530869
58132	320471	1279404755
58132	245889	1278635722
58132	1398824	1278462286
58132	541005	1278291655
58132	1355822	1277761494
58132	1007421	1276627369
58132	1050399	1275768852
58132	1041722	1275322384
58132	684828	1275264278
58132	1041722	1275246912
58132	1041722	1275075812
58132	549119	1275016422
58132	1041722	1274972733
58132	1041722	1274896945
58132	1170087	1274803121
58132	1151140	1274495092
58132	560829	1274040947
58132	401745	1274027931
58132	24116	1273631785
58132	1041722	1273158245
58132	1041722	1273066413
58132	1041722	1272670940
58132	1007421	1272139474
58132	904080	1271983703
58132	988176	1271894803
58132	205131	1269014832
58132	527257	1269011111
58132	527257	1268955981
58137	1583314	1282517719
58137	1187850	1282496176
58137	787073	1282478483
58137	2213059	1282416752
58137	873964	1282404419
58137	2158939	1282360720
58137	1583314	1282355012
58137	470990	1270408426
58137	851944	1270222221
58159	395555	1287012488
58159	924841	1286641742
58159	696436	1286587886
58159	1032349	1285619866
58159	997787	1285599925
58159	743790	1284996797
58159	492041	1284849028
58159	732172	1284767109
58159	997787	1284480560
58159	1262209	1284394367
58159	1212213	1284046576
58159	1032349	1283961780
58159	470990	1283596184
58159	696436	1283470040
58159	743790	1282754002
58159	1116230	1282305770
58159	470990	1282305746
58159	1977883	1282147368
58159	924841	1281804398
58159	243153	1279728053
58159	988176	1279320268
58159	407029	1277912815
58159	506829	1277744114
58159	614612	1277394740
58159	24136	1276902774
58159	224482	1276690106
58159	614612	1276530615
58159	1032349	1276517283
58159	147461	1276515245
58159	147461	1276097250
58159	1212213	1275494439
58159	506829	1274974787
58159	1032349	1274890435
58159	1032349	1274460368
58159	224482	1274129079
58159	338551	1273592783
58159	224482	1273512419
58159	470990	1273311592
58159	1072390	1273162528
58159	224482	1273010394
58159	1032349	1272548282
58159	395555	1272222259
58159	997787	1272043973
58159	614612	1271778970
58159	939709	1271261927
58159	670856	1271205324
58159	224482	1271162513
58159	224482	1270816632
58159	506829	1270655866
58159	224482	1270580118
58159	837367	1270482092
58159	499258	1270072491
58159	837367	1270052232
58159	224482	1269264311
58159	506829	1267636382
58159	614612	1267207158
58159	506829	1267117627
58159	224482	1267105302
58159	605784	1267030588
58159	224482	1267018605
58159	470990	1266848454
58159	470990	1266617744
58159	224482	1266493733
58159	499258	1265212712
58159	479031	1264878711
58159	474013	1264808622
58159	363444	1264607002
58159	395555	1263673585
58159	224482	1263558038
58159	363444	1263225371
58159	147461	1262991470
58159	224482	1262782330
58159	187381	1260809110
58174	980888	1285938854
58174	246469	1285285410
58174	2192435	1282406222
58174	363444	1282353533
58174	1957493	1282094759
58174	534133	1268158393
58174	613764	1267194087
58174	353542	1267043479
58174	603845	1266973777
58174	353542	1266945374
58174	534133	1265756230
58176	667864	1268088110
58176	666705	1268073414
58176	665574	1268054898
58190	1032349	1274460635
58190	243153	1274199254
58190	897078	1270743148
58190	499258	1265212713
58190	224482	1265113377
58190	450392	1264774990
58190	363444	1264606967
58190	439391	1264277080
58190	407029	1263828065
58190	224817	1263758112
58190	397404	1263684834
58190	396928	1263681457
58190	396545	1263679028
58190	392409	1263648336
58190	374424	1263397178
58190	224482	1263229202
58190	363503	1263226157
58190	363444	1263225055
58190	352378	1263168314
58190	359507	1263157404
58190	205131	1263154726
58190	224482	1262992263
58655	512075	1271348446
58655	368832	1270658331
58655	823209	1269866455
61564	433841	1272738301
61564	147461	1271676744
61564	470990	1270206305
61618	4951058	1287701906
61618	5151952	1287677996
61618	4951058	1287438762
61618	4979224	1287402896
61618	5288507	1287341898
61618	5376842	1286902761
61618	173832	1286902353
61618	5288507	1286733357
61618	205131	1286650639
61618	4951058	1286581640
61618	5151952	1286558100
61618	5044351	1286384653
61618	4951058	1286319394
61618	4979224	1286282598
61618	4951058	1286235652
61618	4887642	1286126061
61684	395555	1287012571
61684	24136	1284908670
61684	470990	1278609949
61684	313713	1278551285
61684	1402616	1278529424
61684	313713	1278200562
61729	983082	1271813355
61729	810762	1271631179
61729	435451	1271560835
61729	501656	1270767852
61729	830755	1269966053
61729	823389	1269868668
61729	817313	1269790826
61729	810762	1269724544
61729	802539	1269654097
61729	798723	1269627318
61729	352378	1269566956
61730	246460	1267720157
61730	146971	1267627466
61730	313713	1267627448
61730	632144	1267478413
61730	439391	1267478259
61730	481288	1267305513
61730	291564	1267305503
62886	901800	1270808251
62886	495806	1270764385
62886	170125	1260047185
63093	24136	1280801525
63093	504048	1280608146
63093	1528074	1280510588
63093	173832	1280510484
63093	1399066	1280367997
63093	1431841	1280283274
63093	1511798	1280247851
63093	1508642	1280185295
63093	1494374	1279984329
63093	1491399	1279937893
63093	1398648	1279852081
63093	305612	1279843843
63093	1480081	1279764590
63093	510071	1279726269
63454	595208	1276385252
63454	24136	1276034294
63454	847289	1276023030
63454	848033	1270169022
63454	455389	1270155484
63454	24136	1269947469
63454	408783	1269947448
63454	235051	1269917669
63454	643842	1269704485
63454	354055	1269704462
63454	494418	1269557047
63454	470990	1269548895
63454	754899	1269108999
63454	747273	1269040914
63454	455389	1269030334
63454	638700	1269010462
63454	741027	1268972733
63454	24136	1268925252
63454	733288	1268885466
63454	643599	1268884000
63841	1003910	1287574103
63841	1531112	1287276166
63841	5562783	1287203607
63841	5532614	1287158605
63841	1003910	1285850130
63844	24136	1287337638
63844	4901815	1286155067
63844	4177651	1285774315
63844	901800	1285515502
63844	578830	1285469573
63844	4177651	1285450977
63844	1073920	1285277581
63844	4257982	1285254340
63844	4177651	1285103868
63844	1861316	1284920901
63844	1455702	1284825724
63844	1328894	1284824743
63844	1452754	1284777984
63844	1334011	1284775734
63844	621448	1284765561
63844	724595	1283955346
63845	724595	1287530054
63845	5039163	1287503601
63845	724595	1287439181
63845	480172	1287346998
63845	5562783	1287288416
63845	5039163	1287256757
63845	855501	1287188599
63845	930698	1287185660
63845	5531459	1287157946
63845	5500710	1287111527
63845	724595	1287094953
63845	5390449	1286927513
63845	5039163	1286906930
63845	5352007	1286851506
63845	1455702	1286671919
63845	5039163	1286379815
63845	1455702	1286325806
63845	1441391	1285907280
63845	3139493	1285799841
63845	1441391	1285733747
63846	24136	1286464889
63846	5045128	1286387420
63846	5014709	1286335435
63846	4114557	1285703680
63846	1500631	1285627802
63846	581194	1285304937
63846	4114557	1285008453
63846	4112555	1285005948
63846	2848666	1284955999
63846	707937	1284836393
63846	684828	1284795047
63846	2848666	1284703795
63846	2848666	1284519089
63846	2762967	1284407768
63846	955992	1284399017
63846	873964	1284236107
63846	2848666	1284071517
63846	2046746	1283937488
63846	977749	1283897247
63846	2848666	1283859354
63846	3237524	1283795304
63846	695695	1283747363
63846	766641	1283694019
63846	1409217	1283672195
63846	2072887	1283668517
63854	827582	1280085461
68334	655844	1267904227
68334	533048	1265742060
68334	516382	1265678380
68334	519589	1265498310
68334	516643	1265478303
69491	611021	1273668020
69703	1483475	1281554678
70132	187377	1266450488
70132	386357	1266021770
70132	368976	1265993910
70132	386357	1265828341
70132	368976	1265819786
70132	377288	1265762895
70132	386357	1265649639
70132	368976	1265647923
70132	368976	1265299272
70132	503598	1265287075
70132	489677	1265039713
70132	198233	1264943229
70132	368976	1264524035
70132	386357	1264182084
70132	374643	1264174931
70132	386357	1263996634
70132	415440	1263939009
70132	208683	1263931456
70132	386357	1263840744
70132	407216	1263830936
70132	198233	1263643471
70132	386357	1263576253
70132	185712	1263499486
70132	380145	1263484134
70132	377288	1263427384
70132	374643	1263400359
70132	368976	1263315425
70132	210762	1261275929
70132	220422	1261012463
70132	210762	1260840825
70132	208683	1260810588
70132	196169	1260577142
70132	185712	1260553625
70132	193989	1260552332
70137	611021	1279739764
70137	1299936	1279728122
70137	1072255	1273160898
70137	208683	1272898129
70137	732351	1272783933
70137	763697	1272760884
70137	990209	1271941025
70137	734777	1271940957
70137	732351	1271913168
70137	987336	1271883450
70137	208683	1271770184
70137	415440	1271534882
70137	732351	1271533268
70137	952253	1271431804
70137	208683	1268922899
70137	734777	1268917093
70137	732351	1268874571
70137	208683	1268862620
70139	700231	1269317468
70139	374303	1268859135
70139	374303	1268668315
70139	714342	1268662511
70139	710380	1268598519
70139	700231	1268498245
70141	24136	1281398239
70141	1007421	1281314676
70141	1583563	1281306006
70153	1434511	1279041564
70153	1272593	1276448340
70164	334056	1268416479
70164	334056	1268337064
70164	609476	1267111269
70164	352803	1263071242
70164	338986	1262885693
70164	334056	1262885624
70164	291564	1262735529
70164	205131	1262461143
70164	312518	1262453760
70164	305612	1262314104
70164	269986	1262152023
70164	291564	1262123333
70164	290068	1262111034
70164	284299	1262026058
70164	283525	1262018032
70164	283425	1262016794
70164	269986	1261881448
70164	275682	1261879965
70164	274802	1261871253
70164	269986	1261787179
70167	1526460	1285768288
70171	549127	1277512433
70171	607136	1276913585
70191	1112339	1273838172
70194	699531	1274823752
70194	452351	1271270640
70199	845651	1273177812
70199	941668	1271281489
70199	717784	1270773149
70199	889013	1270638066
70199	632144	1270500064
70199	439391	1270495346
70199	877889	1270483514
70199	862385	1270312444
70199	852219	1270224101
70199	670856	1270160966
70199	820743	1269817483
70199	801814	1269648951
71024	1368211	1286746081
71024	966382	1286746065
71024	2631662	1286746034
71024	854939	1285178920
71024	1328162	1285178908
71024	563953	1285178863
71024	682687	1285178853
71024	563960	1285178840
71024	559592	1285178819
71024	376982	1285178809
71024	560829	1285178795
71024	1387353	1285019862
71024	2674506	1284774268
71024	621266	1284774253
71024	1367045	1284774189
71024	1354235	1283556520
71024	2316362	1283556503
71024	1337077	1283556489
71024	1332387	1283556477
71024	880326	1283556465
71024	1494343	1280953067
71024	1298951	1279145388
71024	1093033	1275858717
71024	236055	1275858703
71024	1060875	1275500922
71024	623273	1275500873
71024	552712	1275500862
71024	588785	1275500853
71024	985932	1275399848
71024	870630	1275343295
71024	596366	1275343279
71024	1153803	1275054258
71024	707821	1275054234
71024	607093	1275054210
71024	707816	1275054199
71024	1147707	1275053056
71024	733288	1275053035
71024	793303	1274987081
71024	912738	1274972221
71024	1050181	1274972163
71024	754846	1274972153
71024	922930	1274972141
71024	632144	1274972130
71024	352803	1274972116
71024	617845	1274356558
71024	1142260	1274356502
71024	982011	1274356356
71024	414302	1274356342
71024	357791	1273076579
71024	398216	1273075525
71024	340769	1273075494
71024	245510	1273075444
71024	245512	1273075429
71024	421206	1273075412
71024	830812	1273075392
71024	878170	1273075371
71024	691408	1272996974
71024	579009	1272996951
71024	939402	1272996940
71024	933527	1271817288
71024	928181	1271627822
71024	551986	1271627807
71024	923875	1271627792
71024	595787	1271627780
71024	639480	1271168068
71024	836376	1270746439
71024	548459	1270746422
71024	763697	1270746405
71024	478333	1270746384
71024	397404	1270746373
71024	416190	1270746350
71024	844997	1270746295
71024	605653	1270746278
71024	605886	1270746264
71024	867353	1270746240
71024	819061	1270142289
71024	640215	1270142190
71024	810762	1270142178
71024	448819	1270142143
71024	843179	1270142121
71024	407030	1270142051
71024	827582	1270142022
71024	360944	1270141972
71024	23805	1270141929
71024	607103	1270141911
71024	578820	1269966101
71024	284299	1269966024
71024	749233	1269965987
71024	604128	1269965952
71024	533048	1269965920
71024	715229	1269965862
71024	371299	1269965835
71024	715555	1269965817
71024	552134	1269965783
71024	385194	1269965765
71024	796611	1269965752
71024	593092	1269965728
71024	609330	1269174861
71024	751785	1269174447
71025	887370	1270603404
71025	213553	1269944143
71025	684828	1268875906
71083	1030331	1272501022
71083	945609	1271347390
71083	918477	1270953589
71083	913550	1270919651
71083	512053	1270826649
71083	899978	1270770316
71083	739092	1270597208
71083	572020	1270482131
71083	801398	1269646305
71083	796611	1269608771
71083	776737	1269364521
71083	380346	1269285810
71083	749233	1269053922
71083	604128	1269048627
71083	213553	1269047510
71083	736828	1269029657
71083	512053	1269015739
71083	552712	1268966802
71083	739092	1268953355
71083	169650	1268953143
71083	320337	1268937236
71083	445639	1268937220
72935	144770	1259469110
72935	144378	1259460718
72935	142495	1259438002
74836	231290	1263607667
74836	201188	1261335311
74836	204559	1260719260
74836	201188	1260656034
74836	185712	1260553757
74836	193989	1260551257
74836	185712	1260537085
76952	607103	1285430646
76952	1384666	1283299829
76952	489715	1283043066
76952	843228	1282786011
76952	1065573	1282785231
76952	344323	1282784735
76952	890487	1282778259
76952	385194	1282738303
76952	1452153	1282737177
76952	699810	1282653529
76952	1038466	1282653451
76952	2284654	1282606284
76952	1488072	1282606251
76952	2310814	1282580992
76952	715555	1282580930
76952	890432	1282568614
76952	2298528	1282568496
76952	890487	1282568224
76952	1025700	1282567353
76952	1038466	1282567188
76952	1072255	1282530470
76952	2284654	1282526385
76952	1570489	1282506897
78702	408783	1263845909
79828	910282	1270895925
80201	609476	1273083148
80201	609476	1272929566
80232	1530839	1284167779
80232	827582	1279380547
80232	213218	1278961232
80232	222871	1261068028
80232	217307	1260979031
80232	213218	1260970991
80232	215673	1260934953
80232	213218	1260903797
80745	24136	1268851136
80745	728630	1268845450
80745	184450	1268691282
80745	24136	1268648416
82947	948238	1276588387
86117	24136	1274608844
86874	506715	1284682765
86874	3753370	1284650380
86874	1237629	1284588434
86874	3753370	1284550953
86874	506715	1284546083
86874	24136	1284541783
86874	2598351	1284541079
89046	169084	1269624041
91996	24136	1277407036
91996	708223	1277287526
92587	1055312	1285524680
92587	4068179	1284928531
97873	24136	1277669671
97873	699810	1277653694
97873	24136	1277473310
97873	24136	1275396458
97873	470990	1271612188
97873	969095	1271602932
97874	867353	1270344885
97874	202067	1260664927
99656	4809946	1286383849
99656	4809946	1286297964
99656	4954397	1286241821
99656	4809946	1286211865
99656	4809946	1286038985
99656	144378	1285638167
99656	3148427	1285162571
100157	5672156	1287310781
101031	4583651	1285683729
101031	313713	1285674902
101031	817313	1285672142
101031	823210	1285670351
101031	4064717	1284923157
101031	461580	1284913436
101031	743728	1284912164
101031	4032134	1284906592
101031	1244867	1284906574
101031	984486	1284887191
101031	984481	1284885282
101031	2243418	1284885210
101034	24136	1281091928
101034	1073920	1273974832
101036	593739	1277398554
101036	754628	1270976528
101036	235051	1265484666
101036	517060	1265481298
101036	313713	1265479388
101417	455389	1281610706
101417	1583314	1281610345
101417	893296	1270682757
101417	553354	1270427684
101417	147461	1268436115
101417	328542	1268434932
101417	169084	1268414723
101417	147461	1268394351
101417	24136	1267788131
101961	470990	1267059257
101961	602875	1266957476
104919	470990	1277409114
104919	1072390	1277138344
104919	1317908	1277137218
106236	1039019	1284678099
106671	4073001	1285692965
106671	4591249	1285691795
106671	1072313	1285618472
106671	1180714	1285526444
106671	1072313	1285455240
106671	4409319	1285426666
106671	3865328	1284695970
106671	205131	1284683618
106671	1180714	1283799886
106671	2652462	1283022170
106671	2355282	1282662487
106671	1984529	1282150633
106671	1850318	1281899413
106671	386080	1281119662
106671	1568002	1281119501
106671	1567825	1281117768
109819	997787	1283211325
109819	1441189	1282730101
109819	1583314	1282730074
109819	147461	1282561728
109819	2159296	1282361413
109819	1331928	1282324213
109820	2598351	1287310594
109820	4890118	1286135107
109820	205131	1286132832
109820	1438873	1285962778
109820	506715	1285962763
109820	4670197	1285842463
109820	4488532	1285517367
109820	4488430	1285517133
109820	4030865	1285200845
109820	1583314	1285146095
109820	4182709	1285112711
109820	1583314	1284974578
109820	794174	1284913137
109820	4030865	1284891430
109820	4001416	1284843928
109820	517269	1284838205
109820	3638484	1284692825
110954	666082	1281030357
112652	983082	1282272056
112652	1496328	1279999002
112813	1483475	1282248978
113491	617122	1267235514
113491	611021	1267132525
113671	964659	1272460217
113671	964659	1272410130
114590	212196	1277483437
115609	412272	1263901861
115609	24136	1263772090
115609	201794	1260661957
116032	182757	1278423732
116032	147461	1260362852
117838	1426622	1278888564
118468	470990	1267048493
118468	605886	1267032308
118468	495165	1265136521
118468	470990	1265136433
118468	494418	1265127005
118468	493687	1265113938
118598	773243	1273670212
118598	773243	1269349664
118766	374303	1263844170
118766	374735	1263833385
118766	403751	1263766294
118766	374303	1263504774
118766	380346	1263486712
118766	380215	1263485081
118766	374303	1263416060
118766	374735	1263401688
118766	374303	1263395083
118768	4949703	1287095516
118768	582474	1286592564
118768	4949703	1286229974
118768	976665	1286013955
118768	374303	1285420698
118768	313713	1285374940
118768	307346	1285358481
119305	732631	1284425716
119305	274074	1261865279
119736	24136	1275072722
119736	1172376	1274842454
119736	738101	1274842117
122378	24136	1274463278
122452	24136	1285574238
122452	169084	1285521021
122452	552969	1285510889
122452	205131	1285432400
122452	308377	1285194431
122452	984589	1285175057
122452	3614808	1285171643
122460	5568317	1287208249
122935	5143567	1286552482
122935	4982850	1286543673
122935	4954292	1286498618
122935	4954232	1286497968
122935	4950293	1286496740
122935	5097924	1286478613
122935	4950293	1286456765
122935	4954232	1286455080
122935	4954292	1286415000
122935	4954232	1286414987
122935	4982850	1286375741
122935	4950293	1286372962
122935	4954232	1286371487
122935	4954292	1286326223
122935	4954232	1286322319
122935	4950293	1286321254
122935	4982850	1286297567
122935	4989772	1286294102
122935	4988967	1286291863
122935	4982850	1286286354
122935	4954232	1286283411
122935	4954292	1286240898
122935	4954232	1286240806
122935	4953705	1286240055
122935	1143395	1286235156
122940	614339	1275841005
122940	1150524	1275606790
122940	1194189	1275174815
122940	559783	1274551539
122940	1150524	1274486204
122940	1074630	1273973577
122940	743728	1271537498
122940	940120	1271265296
122940	866067	1270333810
122940	668284	1268095115
122940	187381	1266718093
122940	245510	1266531553
122940	504527	1265304207
122940	445639	1264352943
122940	245510	1263075774
122940	352378	1263068304
123172	147461	1263381083
123172	24136	1261573796
123172	208518	1260806682
123179	421473	1264032723
123179	418195	1263992549
123179	374303	1263844223
123179	374303	1263575736
123179	374303	1263395031
126583	1565569	1281093781
127271	1363513	1280873482
127271	1364134	1280428520
127271	1364134	1280251450
127271	1363513	1280177554
127271	1363513	1279815440
127271	1409217	1279773141
127271	1478514	1279739741
127271	1363513	1279726210
127271	1364134	1279650215
127271	1363513	1279639338
127271	1150323	1279558465
127271	1363513	1279557888
127271	1364134	1279555491
127271	1449747	1279302756
127271	461580	1279301864
127271	1363513	1279292429
127271	905267	1279242162
127271	1363513	1279215701
127271	1444183	1279213080
127271	461475	1279133511
127271	1346419	1279130161
127271	461580	1279130139
127271	1363513	1279120355
127271	1435673	1279056217
127271	1364134	1279046367
127271	1363513	1279041188
127271	1431123	1278972171
127271	1363513	1278965464
127271	1364134	1278956586
127271	1363513	1278947143
127271	552712	1278797645
127271	1420433	1278796264
127271	1409217	1278658374
127271	1363513	1278614393
127271	1364134	1278610410
127271	1363513	1278530562
127271	1401937	1278522850
127271	1150323	1278441738
127271	1396004	1278425005
127271	1392375	1278356606
127271	461580	1278355820
127271	1368839	1278008902
127271	1150323	1278004645
127271	1363513	1278001809
127271	607136	1277945753
127271	1364134	1277922599
127271	1363513	1277915669
127298	1583314	1282412977
127365	5216492	1286645226
127580	1970079	1287656239
127580	560829	1287587296
127580	1198487	1287327721
127580	699485	1287011594
127580	313713	1286736367
127580	1198487	1286670281
127580	478333	1286653773
127580	496818	1286138885
127580	1198487	1286056080
127580	24136	1286027181
127580	24136	1285699723
127580	699485	1285678496
127580	1198487	1285502357
127580	480172	1285449151
127580	1198487	1284947441
128528	1491380	1279937654
128528	24136	1266719062
128528	439391	1266686391
128528	187381	1265505460
128528	205131	1265502506
128528	504048	1265295866
128528	144378	1265070741
128533	187961	1285806364
128533	1195281	1285717111
128533	2834156	1283301235
128533	1530839	1282954627
128533	1195281	1282783167
128533	1858868	1282514176
128533	1195281	1282266479
128533	1195281	1282094138
128533	1195281	1281983251
128533	1861316	1281916661
128533	1858868	1281910236
128533	1195281	1281721652
128533	24136	1281434520
128533	1503783	1281380285
128533	308377	1281234089
128533	1576486	1281213813
128533	352803	1281206399
128533	435451	1281147797
128533	1195281	1281141661
128533	1195281	1281117199
128533	748184	1280922083
128533	448819	1280705624
128533	1538796	1280635340
128533	1502542	1280563985
128533	435451	1280542777
128533	1530839	1280540294
128533	1436081	1280432821
128533	1503896	1280370817
128533	1502542	1280190387
128533	1503783	1280183004
128533	1507343	1280167937
128533	1504023	1280165130
128533	1502542	1280117845
128533	1504023	1280106268
128533	1502542	1280104207
128533	1503896	1280103022
128533	1502542	1280084817
129868	325222	1283006797
130402	24136	1284758332
130676	816985	1286110464
130676	24136	1284840957
132871	245889	1268240477
132871	207537	1267726134
132871	631083	1267464201
132871	631081	1267464154
132871	527942	1267204699
132871	610260	1267123501
132871	609771	1267116990
132871	319758	1267057361
132871	178882	1267053208
132871	494470	1267031869
132871	178882	1267030596
132871	178882	1266947381
132871	494470	1266942959
132871	178882	1266927447
132871	531443	1266925517
132871	397404	1266628940
132871	178882	1266607997
132871	494470	1266596151
132871	578820	1266536071
132871	178882	1266520867
132871	576867	1266510369
132871	305612	1266368210
132871	552586	1266086536
132871	549119	1266029887
132871	548459	1266022493
132871	494470	1265992175
132871	178882	1265987172
132871	178882	1265898285
132871	319758	1265848909
132871	178882	1265828161
132871	207537	1265818902
132871	178882	1265810101
132871	178882	1265736299
132871	494470	1265730982
132871	178882	1265712426
132871	531443	1265710506
132871	492041	1265675917
132871	178882	1265671412
132871	527942	1265646028
132871	178882	1265643335
132871	517269	1265482716
132871	517097	1265481497
132871	512075	1265413056
132871	178882	1265403711
132871	509749	1265390915
132871	178882	1265305220
132871	504446	1265303117
132871	494470	1265299812
132871	178882	1265289585
132871	501789	1265241777
132871	499290	1265213179
132871	178882	1265210091
132871	498965	1265207065
132871	498881	1265205279
132871	498683	1265201486
132871	496665	1265153307
132871	178882	1265132107
132871	494470	1265127491
132871	178882	1265108615
132871	492041	1265070924
132871	178882	1265060657
132871	489715	1265040431
132871	178882	1265035387
132871	488025	1264994803
132871	480172	1264977681
133266	330863	1282580596
133266	213553	1282419588
133266	1587349	1281372699
133291	881081	1285447036
133291	881081	1284320700
133291	501789	1284158402
133291	2688706	1283556654
133291	881081	1283026949
133291	881081	1282085715
133291	412272	1280960839
133292	1472400	1281023281
133292	1540874	1280672641
133292	1533407	1280584189
133292	1527674	1280507168
133292	1522095	1280419740
133292	1506257	1280155896
133292	1472400	1279643092
133292	313713	1279557385
133292	1466822	1279548779
133292	508729	1279368385
134537	1512543	1280255026
137386	670856	1268417599
137386	670856	1268156841
137386	648642	1267812275
137386	583740	1267761069
137386	454858	1267752464
137386	454858	1267708020
137387	714158	1268698036
137397	205131	1270332015
138247	497452	1265165126
138247	495806	1265143535
139960	273036	1281542681
139960	1587349	1281372816
139960	1488072	1280506381
139960	262488	1280100127
139960	1091740	1280075731
139960	1488072	1279900719
139960	1485082	1279842447
139960	1262209	1279556247
140836	412272	1275051060
140836	454858	1273077290
140836	455535	1273074537
140836	454858	1273063542
140836	454858	1272977960
140836	412272	1271969721
140836	454858	1271940245
140836	454858	1271804533
142198	2377637	1287447234
142198	2413071	1287391520
142198	2377637	1287367298
142198	2377637	1287328217
142198	2208947	1287317444
142198	2377637	1287288009
142198	2643614	1287271651
142198	2377637	1287088607
142198	2208947	1287083940
142198	2377637	1287013298
142198	295462	1287009977
142198	2431101	1286573680
142198	2377637	1286400103
142198	169650	1286185295
142198	549127	1286153562
142198	607183	1286119150
142198	2208947	1286113694
142198	4838974	1286063655
142198	607188	1285966711
142198	2377637	1285622904
142198	4422608	1285437476
142198	2630606	1285370156
142198	743728	1285282342
142198	2532311	1285062585
142198	2532311	1285031515
142198	2208947	1284812669
142198	2495065	1284458097
142198	2532311	1284457983
142198	2377637	1284432683
142198	3679889	1284419504
142198	2532311	1284371272
142198	2615562	1284245278
142198	607188	1284241832
142198	2377637	1284083963
142198	3417474	1284073125
142198	2377637	1283988308
142198	2431101	1283898349
142198	705365	1283874209
142198	3239574	1283797184
142198	284299	1283791516
142198	2431101	1283780357
142198	2377637	1283743163
142198	833074	1283732048
142198	2377637	1283659470
142198	3141347	1283649499
142198	928181	1283623548
142198	3111178	1283621476
142198	3105850	1283618233
142198	246476	1283616145
142198	2377637	1283568013
142198	3037691	1283562355
142198	3025648	1283553607
142198	2377637	1283464184
142198	2532311	1283420493
142198	2377637	1283397326
142198	2884266	1283373017
142198	2413071	1283334872
142198	2430413	1283286298
142198	2377637	1283205724
142198	2431101	1283205688
142198	2430413	1283199129
142198	1021235	1283198749
142198	2413071	1283162109
142198	2377637	1283133235
142198	2208947	1283120971
142198	2377637	1283108353
142198	607183	1283103212
142198	2208947	1283089394
142198	2377637	1283045082
142198	2658989	1283026167
142198	2377637	1283018805
142198	2643614	1283017966
142198	607188	1283012361
142198	2615562	1283002933
142198	2208947	1282998337
142198	2377637	1282960955
142198	2587390	1282957132
142198	2585388	1282953430
142198	2377637	1282944095
142198	607136	1282942295
142198	504374	1282919956
142198	2413071	1282903041
142198	169650	1282902853
142198	2532311	1282902283
142198	1021235	1282901620
142198	2377637	1282883152
142198	2208947	1282866476
142198	607188	1282864794
142198	2377637	1282858854
142198	2501800	1282857677
142198	2430413	1282854487
142198	1021235	1282854158
142198	2495065	1282852296
142198	2413071	1282816940
142198	169650	1282815431
142198	1021235	1282814440
142198	2377637	1282789240
142198	2431101	1282770621
142198	2430413	1282766955
142198	1021235	1282766639
142198	2417695	1282754947
142198	2417191	1282754367
142198	2416311	1282753348
142198	2414349	1282751085
142198	2413071	1282749734
142198	169650	1282746679
142198	1085644	1282746439
142198	1272852	1282746066
142198	504048	1282745251
142198	812884	1282745051
142198	2377637	1282689838
142198	1021235	1282681558
142198	169650	1282643601
142198	169650	1282574019
142198	607188	1282522969
142198	2208947	1282516532
142198	2208947	1282488222
142198	2208947	1282415253
142199	5743370	1287411528
142199	2292343	1287396254
142199	2292343	1287137776
142199	699485	1287013234
142199	2323927	1286965368
142199	2376917	1286932148
142199	5374337	1286900923
142199	3134309	1286720750
142199	699485	1286661706
142199	5027979	1286362521
142199	2208947	1286144265
142199	2208947	1286115268
142199	4838974	1286061497
142199	3134309	1286026926
142199	699485	1285945893
142199	699485	1285879332
142199	2208947	1285541444
142199	643610	1285435435
142199	4373688	1285373370
142199	2376917	1285107834
142199	2496901	1285071633
142199	2280454	1285026870
142199	4122240	1285017687
142199	2292343	1284989992
142199	2208947	1284934608
142199	2280454	1284903726
142199	2776587	1284850496
142199	3134309	1284844762
142199	2208947	1284814157
142199	1485256	1284766405
142199	928181	1284766389
142199	3912396	1284746397
142199	3910339	1284745229
142199	3906083	1284743073
142199	2280454	1284680203
142199	2323927	1284634773
142199	699485	1284548387
142199	1315488	1284544641
142199	2496901	1284461884
142199	3700005	1284460189
142199	2280454	1284427360
142199	2323927	1284397330
142199	2292343	1284372920
142199	2280454	1284369553
142199	2208947	1284330356
142199	2280454	1284324136
142199	3602014	1284315686
142199	3599594	1284310677
142199	3594468	1284306857
142199	461580	1284306089
142199	2208947	1284300977
142199	2280454	1284243145
142199	3556052	1284241103
142199	2208947	1284238464
142199	3543593	1284229736
142199	2208947	1284226094
142199	2280454	1284217964
142199	2280454	1284156746
142199	596366	1284153340
142199	2323927	1284143987
142199	2292343	1284127328
142199	2280454	1284084082
142199	2776587	1284074420
142199	1387353	1284074012
142199	3415750	1284066842
142199	2345267	1284048239
142199	2280454	1284043736
142199	3134309	1283988210
142199	2280454	1283985988
142199	2630606	1283960976
142199	3340720	1283953442
142199	2280454	1283909558
142199	3134309	1283901357
142199	2280454	1283890958
142199	2776587	1283873859
142199	2776587	1283782141
142199	2280454	1283742052
142199	833074	1283732859
142199	2280454	1283720457
142199	684600	1283705166
142199	1328135	1283705153
142199	2993582	1283700011
142199	684600	1283684236
142199	1328135	1283684219
142199	2280454	1283658440
142199	3141347	1283646288
142199	2280454	1283644688
142199	3134309	1283634515
142199	2280454	1283633554
142199	684600	1283619809
142199	2993582	1283614631
142199	684600	1283599167
142199	1433436	1283598028
142199	1328135	1283597985
142199	2280454	1283562378
142199	3033066	1283558217
142199	313768	1283554195
142199	313713	1283547313
142199	1328135	1283532344
142199	1433436	1283532312
142199	2993582	1283526739
142199	1433436	1283510052
142199	1328135	1283509942
142199	2280454	1283474096
142199	2955932	1283466950
142199	2280454	1283463214
142199	2345267	1283456907
142199	2928262	1283439052
142199	2323927	1283422685
142199	2280454	1283372689
142199	2280454	1283355231
142199	2323927	1283336807
142199	2280454	1283333690
142199	2376917	1283294114
142199	2280454	1283290241
142199	2795790	1283253652
142199	2794736	1283251332
142199	2776587	1283208951
142199	2280454	1283208460
142199	2280454	1283182154
142199	2292343	1283162918
142199	2280454	1283132243
142199	2208947	1283122862
142199	2280454	1283100267
142199	977686	1283098063
142199	2208947	1283089385
142199	2280454	1283036297
142199	2674506	1283035258
142199	2664106	1283028556
142199	2280454	1283022088
142199	2630606	1283013056
142199	2615632	1283002959
142199	2208947	1282998452
142199	2280454	1282957256
142199	2586010	1282954137
142199	896950	1282947614
142199	313713	1282947263
142199	2280454	1282942931
142199	2323927	1282923332
142199	2542860	1282919723
142199	699485	1282902839
142199	2280454	1282877737
142199	2511617	1282866546
142199	607188	1282865164
142199	607177	1282864842
142199	2208947	1282864718
142199	2280454	1282863054
142199	2496901	1282853144
142199	2280454	1282835092
142199	2323927	1282824013
142199	2280454	1282782285
142199	2280454	1282770874
142199	2417359	1282754519
142199	2280454	1282743430
142199	2376917	1282689338
142199	2280454	1282687330
142199	2323927	1282676080
142199	2280454	1282663137
142199	2345267	1282646847
142199	2280454	1282612707
142199	2327154	1282601656
142199	2323927	1282593664
142199	2308314	1282578984
142199	2292343	1282557978
142199	2280454	1282519054
146346	569407	1284902505
146346	3998064	1284839609
146350	1547768	1280777259
146350	461580	1280777137
146350	1363513	1280171321
146350	643635	1280045884
146350	1059029	1280011685
146350	1479701	1279756789
146350	1364134	1279649886
146350	1363513	1279642913
146350	1363513	1279592032
146350	1150323	1279558236
147670	1707340	1281732892
147670	890866	1281663269
149184	24136	1277231714
149468	572020	1266417828
149638	142495	1287400036
149638	5471930	1287149169
149638	142495	1287149130
149638	5473620	1287066067
149638	5471930	1287061127
149638	142495	1287056290
150103	24136	1272615012
150108	1358388	1277824296
150108	1134826	1274198477
150108	1134603	1274194701
150108	856145	1270249856
150148	684828	1276567145
150148	917870	1275527808
151995	1583314	1283382256
151995	2839140	1283314810
152364	901800	1273423316
152364	569407	1266353513
152364	187554	1265943906
152364	538774	1265938643
152364	541447	1265911244
152364	538774	1265848729
152364	537108	1265825475
152364	187554	1264986221
152364	400190	1263718380
152364	257935	1261588991
152364	239406	1261284601
152364	187554	1260924082
152364	187554	1260574672
152400	470990	1273432928
152400	1084549	1273419239
152400	593739	1273324346
152429	1511774	1286558663
152429	1478797	1286541529
152429	980888	1286282907
152429	740362	1284908509
152429	1478797	1284125676
152429	3415976	1284068567
152429	884449	1283951558
152429	1242408	1282869747
152429	1511774	1282239230
152429	980888	1280928531
152429	1130421	1280874031
152429	1531112	1280545176
152429	1520785	1280403986
152429	1511774	1280247592
152429	1478797	1279743127
152429	1476377	1279716386
152429	980888	1279542636
152429	980888	1279285220
152429	827582	1279110815
152429	779852	1278934558
152429	779852	1278592370
152429	980888	1278511444
152429	1391295	1278345167
152429	830755	1277671180
152429	779852	1277297464
152429	640215	1277004491
152429	1288980	1276693476
152429	1007130	1276453063
152429	980888	1276001470
152429	980888	1274706668
152429	1145073	1274397145
152429	980888	1274373866
152429	1126673	1274027559
152429	739092	1273619240
152429	980888	1273510988
152429	980888	1273178921
152429	1068885	1273082277
152429	739092	1273011279
152429	980888	1272990234
152429	1059029	1272903976
152429	779852	1272631544
152429	1035863	1272590876
152429	980888	1272546633
152429	1030294	1272500379
152429	504527	1272384682
153522	1402616	1280929223
153526	435451	1287282679
153526	696436	1287268984
153526	5631296	1287255301
153526	1503783	1286101802
153526	696436	1286078032
153526	4491164	1285522511
153526	435451	1285470576
153526	1583314	1285423489
153526	918415	1284404293
153526	3547359	1284231368
153526	3027648	1283554827
153526	1406256	1283551431
153526	1552815	1283447984
153526	918415	1283377529
153526	1503783	1283026109
153526	1530839	1282954571
153526	1503783	1282805433
153526	918415	1282763609
153526	2300550	1282570532
153526	851309	1282181555
153526	1583314	1281743358
153526	1708320	1281734408
153526	308377	1281233865
153526	1576486	1281213220
153526	1576227	1281211291
153526	352803	1281206458
153526	435451	1281147710
153526	1503783	1281141630
153526	1195281	1281117208
153526	421473	1281117048
153526	1503783	1281048800
153526	1562388	1281030620
153526	918415	1280936136
153526	1552940	1280864398
153526	1503783	1280827358
153526	1172376	1280691834
153526	1172376	1280596841
153526	1530839	1280540354
153526	1172376	1280510196
153526	308377	1280444106
153526	1503783	1280178769
153526	208518	1280161261
153526	1503783	1280101074
156246	24136	1273883749
156246	1093033	1273438282
156246	236055	1273433891
156678	193989	1260551142
156678	185712	1260375877
156689	889623	1273667598
156689	552712	1272825715
156689	847672	1272212375
156689	889623	1271938528
156689	670634	1271693709
156689	966239	1271559184
156689	853151	1271459615
156689	634808	1271433124
156689	899660	1271370806
156689	634808	1271347308
156689	847672	1271299197
156689	939703	1271261883
156689	847672	1271120452
156689	847672	1270857091
156689	906850	1270852567
156689	634808	1270828832
156689	889623	1270821577
156689	899660	1270767283
156689	897225	1270744195
156689	889623	1270731412
156689	847672	1270683803
156689	639339	1270655988
156689	889623	1270646549
156692	609619	1267114002
156702	814664	1269748846
156702	236055	1269732489
156702	437775	1268981338
156702	724160	1268780043
156702	697120	1268454908
156702	536581	1268261294
156702	677913	1268187397
156702	262488	1267960488
156702	632697	1267488626
156702	262488	1267358083
156702	624851	1267332343
156707	819895	1271553583
156707	721074	1271091224
156707	721074	1270498239
156707	721074	1269967618
156707	827134	1269906308
156707	819895	1269809739
156707	609330	1269563872
156707	243153	1269549779
156707	721074	1269548844
156708	239406	1283649549
156708	1309216	1281367159
156708	1298951	1280276165
156708	1317988	1280249558
156708	1323684	1280193266
156708	24136	1278272650
156708	1259470	1277929102
156708	1259470	1277816989
156708	1309216	1277802996
156708	1309216	1277581563
156708	623285	1277576266
156708	1259470	1277473888
156708	1335089	1277464676
156708	1309216	1277425794
156708	1259470	1277383407
156708	1309216	1277347015
156708	1319807	1277336399
156708	1298894	1277334114
156708	1309216	1277255764
156708	1323684	1277244507
156708	1317988	1277224507
156708	1309216	1277171520
156708	1319807	1277166464
156708	1317988	1277138129
156708	1309216	1276984259
156708	1302382	1276900497
156708	1302189	1276898179
156708	1259470	1276863883
156708	1298951	1276859010
156708	1298894	1276858172
156708	1297381	1276817854
156708	1202316	1276814609
156709	1259470	1276723759
156709	1238366	1276312567
156709	1259470	1276275678
157102	651723	1267844406
157102	623829	1267319012
157102	213218	1267200207
158677	1472591	1285104995
158677	595122	1284146688
158677	213553	1284146317
159597	1145632	1284926736
159597	3560640	1284249609
159597	1084549	1281915114
159597	1538842	1280636496
159597	981364	1280075594
159597	1050399	1280002453
159597	962177	1280002404
159597	763697	1279474544
159597	981364	1279469514
159597	1267677	1278212649
159597	1113799	1278180276
159597	421473	1276911399
159597	854822	1276369268
159597	1195281	1275189955
159597	1163134	1274650302
159597	964607	1274555817
159597	1150981	1274492263
159597	479031	1274038887
159597	1050399	1272759331
159597	428111	1272735437
159597	470990	1272677717
159597	964607	1271542838
159597	819061	1271531883
159597	962177	1271527124
159597	961961	1271525807
159597	421473	1271470696
159748	24136	1285659763
159748	1583314	1283985108
159748	1055312	1283262532
159748	614339	1281721516
159748	1317908	1281700794
159748	1270764	1276425286
159748	1055312	1276388874
159748	614339	1267203416
166972	787073	1277571394
166972	320471	1276878336
166972	1251041	1276119967
168350	328542	1277587461
168350	980301	1274637731
168350	917927	1274576000
168350	489677	1274552992
168350	795350	1274496700
168350	1150323	1274483662
168350	617326	1274479017
168350	1145706	1274410389
168350	1065188	1274309786
168350	344323	1274301935
168351	235051	1276437991
168351	581284	1276435060
168351	795350	1274503301
168351	1150323	1274483737
168351	617326	1274479260
168351	1000781	1274401578
168351	1065188	1274313795
168351	1065188	1274221221
168351	1065188	1274146393
168351	1121764	1273951446
168351	1099045	1273593056
168351	1080786	1273284698
168351	780297	1273284497
168351	169084	1273245664
168351	344371	1273163181
168351	1065188	1273010633
168351	1055312	1272829654
168351	905267	1272687980
168351	1039011	1272647208
171980	851309	1287350483
171980	5553021	1287188589
171980	1505536	1287158602
171980	1143395	1287078373
171980	872751	1287068430
171980	823210	1285414067
172178	274802	1276397404
172178	1267677	1276373818
172178	1229777	1275758835
172178	501656	1275666271
172178	581194	1275097438
172178	964607	1274555737
172178	1042596	1274494297
172178	555682	1273893747
172178	274802	1273368230
172178	1084430	1273334916
172178	550680	1272831520
172178	428111	1272733189
172178	1042596	1272681035
172178	550680	1272418097
172178	983019	1271812072
172178	966382	1271561428
172178	955995	1271462848
172178	555682	1270344485
172178	855501	1270245095
172178	550680	1270217990
172178	555682	1266109890
172178	550680	1266097026
172178	552541	1266086250
172178	550680	1266064544
172178	550416	1266060152
177003	729996	1284130617
177830	611021	1267138378
177830	611324	1267136640
179395	374303	1269974359
179395	702871	1269748736
179395	593666	1269715992
179395	374303	1268692250
179395	593666	1266772284
179395	374303	1265382693
179395	450392	1264463841
179395	374735	1264175333
179395	374303	1263922933
179395	374303	1263575413
179395	386080	1263573467
179395	374303	1263560396
179395	207537	1263517267
179522	609476	1269355375
179522	609476	1268834068
179522	609476	1268751064
179522	609476	1268692051
179523	607136	1271902287
179524	24136	1284120327
179524	3355594	1283967212
179524	853966	1270234150
179524	245510	1270231119
179524	470990	1270167992
179524	187961	1270147422
179524	843228	1270128104
179524	842791	1270123332
180398	1563170	1284249915
180398	3471148	1284161575
181461	898798	1287181629
181461	24136	1287181601
181461	1161755	1286732901
181461	4014115	1284858112
181461	699485	1284834942
181726	711368	1281202571
181726	1502542	1280363742
181726	1511842	1280349416
181726	1502542	1280285272
181726	1511842	1280248320
185124	1054855	1287275228
185124	5552253	1287187762
185124	712571	1287024024
185124	559592	1286755042
185124	376982	1286753574
185124	1524576	1286745564
185124	205131	1286743938
185124	187377	1286671096
185124	480172	1286411316
185124	5042761	1286382014
185124	1536191	1286135585
185124	4843668	1286068676
185124	1150524	1286051683
185124	4820380	1286046291
185124	4515354	1285554123
185124	1583314	1285549747
185124	1536191	1285523960
185124	239406	1285427917
185124	1121764	1284942069
185124	655136	1284682442
185124	3614808	1284341582
185124	3536189	1284226796
185124	2954630	1283462698
185124	2948498	1283453966
185124	2932014	1283443210
185124	2284752	1282527212
185124	623829	1282518514
185124	1054855	1281904286
185124	1536191	1281827776
185124	187377	1281806396
185124	780297	1281312185
185124	1582596	1281294308
185124	1578436	1281237583
185124	614313	1281205502
185124	531669	1281157313
185124	949783	1280620396
185124	1536191	1280604744
185124	1524576	1280451752
185124	354851	1280363116
185124	1517464	1280339542
187798	728630	1274910897
187798	1152366	1274735928
187798	470990	1274482056
188333	208683	1278507565
188333	1315488	1277078648
188333	1310708	1277003813
188333	1128809	1276272313
188333	1120793	1275880394
188333	1128809	1275865588
188333	1219139	1275609226
188333	198233	1275576874
188333	1120793	1275446907
188333	208683	1275396792
188333	1128809	1275264745
188333	1120793	1275095498
188333	970635	1275009556
188333	1171874	1274830048
188333	1120793	1274502155
188333	1120793	1274412160
188333	700698	1274401552
188333	1143398	1274374015
188333	208683	1274361160
188333	480172	1274319802
188333	1128809	1274056931
188333	1120793	1273944672
188334	1027859	1279035324
188334	1431713	1278984837
188334	1429323	1278949880
188334	1035544	1278551827
188334	1397460	1278441967
188334	1318015	1278349210
188334	699810	1278290857
188334	924172	1278271885
188334	1387231	1278269807
188334	460892	1278174277
188334	1358922	1277830583
188334	1347049	1277609750
188334	499290	1277574534
188334	1343984	1277574135
188334	886154	1277477021
188334	1007130	1277415445
188334	1027859	1277232833
188334	1318015	1277138462
188334	1310723	1277004235
188334	1309991	1276992708
188334	1126673	1276979106
188334	987336	1276924775
188334	1290729	1276715646
188334	1063743	1276619566
188334	1027859	1276532097
188334	699810	1276466691
188334	1039019	1276271186
188334	1256845	1276230332
188334	1035544	1276129145
188334	1027271	1276086505
188334	455389	1275874549
188334	1035544	1275518787
188334	1063743	1275405936
188334	1191709	1275155072
188334	1066134	1275019114
188334	1035544	1275009784
188334	1027271	1274897563
188334	1027859	1274889024
188334	1027271	1274876445
188334	1027859	1274802830
188334	1063743	1274717020
188334	1027271	1274703264
188334	952253	1274496678
188334	1145632	1274408240
188334	1035544	1274401371
188334	1027271	1274379936
188334	1063743	1274368833
188334	1035544	1274317854
188335	841207	1272155331
188335	841228	1272155312
188335	319758	1271090339
188335	841228	1270089616
188335	841221	1270089549
188335	841207	1270089435
189173	721074	1268752570
189173	243153	1268707284
191617	1084549	1287185501
191617	1093033	1287185483
191617	841207	1287185466
191617	1484809	1287185399
191617	1484809	1283182412
191617	236055	1283182379
191782	89699	1283785459
191782	88444	1283768017
191782	1583314	1283729753
191811	5545209	1287180107
191811	600051	1287160098
193022	1041722	1286963362
193022	1041722	1286790579
193022	1041722	1286705626
193022	855501	1286645827
193022	964725	1286645798
193022	930698	1286645781
193022	1041722	1286194787
195860	3463799	1284149613
