94	25188	1253132250
599	173051	1260106041
599	163450	1260087028
599	169176	1260037625
599	167004	1259989364
599	166741	1259984601
599	163450	1259969080
599	163427	1259939949
599	158824	1259938394
4398	158824	1273433638
4398	515063	1273345299
4398	466380	1273103562
4398	158824	1273069338
5017	448437	1264379951
5017	173051	1264379826
5017	347097	1262997825
5017	346413	1262990756
5017	345817	1262984782
5017	341361	1262911768
5017	341080	1262908083
5017	334036	1262801642
5017	328435	1262709617
8228	3727770	1284491992
8228	3097323	1284225487
8228	3025308	1284160602
8228	838162	1284140532
8228	158824	1283961433
8228	173051	1283354035
8228	2111609	1283198783
8228	1954811	1283175255
8228	486121	1283028815
8228	2584488	1282952600
8228	2111609	1282826178
8228	456181	1282757819
8228	2379649	1282692553
8228	1934898	1282681239
8228	2111609	1282659071
8228	1954811	1282651699
8228	598695	1282424073
8228	2111609	1282323021
8228	1463137	1282238340
8228	1954811	1282225498
8228	1928229	1282219600
8228	1954811	1282140318
8228	1928229	1282133252
8228	1954811	1282087206
8228	1930119	1282053283
8228	1928229	1282046687
8234	1439087	1279125194
8234	108500	1258480344
12335	1411750	1278695695
12335	915811	1278276327
12335	692585	1278264189
12335	711258	1278204471
12335	486121	1278202066
12335	1376695	1278127625
12335	158824	1278121264
12524	821103	1286246714
12524	4951628	1286236942
12524	1109587	1286218657
12524	779761	1286216825
12524	821103	1285894136
12524	1109587	1285092528
12524	474002	1284465588
12524	3610144	1284327100
12524	3607766	1284321527
12524	821103	1284266773
12524	3556892	1284243965
12524	3556373	1284242077
12524	821103	1284080928
12524	1109587	1284047524
12524	2690193	1284034885
12524	474002	1284034291
12524	821103	1283998590
12524	474002	1283948696
12524	821103	1283920966
12524	3292823	1283871783
12524	2069813	1283820666
12524	821103	1283342113
12524	1109587	1281388134
12524	821103	1281149161
12524	821103	1280892145
12524	821103	1276655720
12524	821103	1274919000
12524	1109587	1273780489
12524	821103	1273019654
12524	999442	1272058957
12524	173051	1270851164
12524	821103	1269901447
12524	821103	1269821635
17340	158824	1276207795
17340	1231873	1275774828
17340	1214091	1275519075
17340	1187548	1275101503
17673	1919058	1286582000
17673	3899261	1286563717
17673	1919058	1284179800
17673	2862427	1284161876
17673	1929423	1284143533
17673	1929423	1284056356
17673	715477	1284051019
17673	1929423	1283899959
17673	471961	1283880685
17673	1919058	1283821312
17673	1955864	1283708044
17673	2878720	1283367122
17673	1929423	1283344189
17673	1929423	1283257309
17673	515063	1283256293
17673	2034511	1283255942
17673	1919058	1283216836
17673	1929423	1282945388
17673	1919058	1282880716
17673	506541	1282752831
17673	1919058	1282696756
17673	506541	1282692035
17673	1929423	1282654612
17673	1929423	1282571392
17673	1919058	1282453443
17673	1955864	1282421674
17673	1919058	1282354502
17673	533422	1282353533
17673	1929423	1282330601
17673	2116118	1282327000
17673	907565	1282239015
17673	1929423	1282233298
17673	2036272	1282227794
17673	1919058	1282210479
17673	504796	1282174729
17673	1929423	1282150591
17673	1919058	1282091789
17673	1955864	1282090492
17673	1929423	1282049549
17673	1919058	1282016459
18214	732538	1287619609
18214	2481096	1287442315
18214	1508647	1286734170
18214	5109169	1286497408
18214	5005953	1286312853
18214	4960265	1286262960
18214	4959632	1286261852
19232	4985993	1286289182
19232	3316206	1283904990
19232	2035792	1282226397
19450	5740377	1287409247
19450	3828021	1287353549
19450	1517544	1287343704
19450	3294770	1287273781
19450	3858536	1287158032
19450	1517544	1287155331
19450	3556373	1286837926
19450	4427701	1286737566
19450	264450	1286737549
19450	1433830	1286724896
19450	983161	1286640314
19450	486707	1286640161
19450	4887846	1286495563
19450	1402220	1286465031
19450	4487044	1286316218
19450	486121	1286069183
19450	4844060	1286069156
19450	569933	1285948474
19450	4596390	1285700978
19450	1402220	1285679838
19450	1517544	1285605096
19450	1433830	1285600712
19450	1516590	1285525625
19450	4487044	1285514314
19450	3828021	1285458964
19450	1433830	1285243282
19450	1433830	1285000417
19450	1433830	1284733582
19450	3858536	1284683659
19450	3828021	1284650320
19450	1433830	1284637942
19450	2329371	1284589156
19450	3788455	1284586521
19450	1402021	1284570740
19450	569933	1284410336
19450	598695	1284393715
19450	1517544	1284391065
19450	1429399	1284388718
19450	3612547	1284331972
19450	1450428	1284321089
19450	1433830	1284304866
19450	1433830	1284125733
19450	569933	1284077428
19450	468325	1284071436
19450	468289	1284066878
19450	1433830	1284035045
19450	3368136	1283985349
19450	3346510	1283959572
19450	569933	1283785807
19450	1433830	1283775932
19450	1429099	1283774651
19450	1402220	1283448767
19450	1439613	1283443828
19450	1516210	1283436423
19450	1517544	1283352555
19450	1402139	1283350819
19450	1433830	1283345792
19450	569933	1283179330
19450	1433830	1283170867
19450	2563048	1282933338
19450	2158134	1282932605
19450	1402220	1282931182
19450	1433830	1282913379
19450	1429099	1282827595
19450	1467575	1282748039
19450	2263791	1282504986
19450	1433830	1282491410
19450	2241155	1282449707
19450	2216227	1282421399
19450	264450	1282418310
19450	1433830	1282404757
19450	2158134	1282353990
19450	1467575	1282320678
19450	1433830	1282308670
19450	830210	1282234659
19450	1351920	1282225383
19450	1433830	1282219813
19450	1517544	1282150870
19450	1467575	1282149309
19450	1433830	1282133792
19450	1956116	1282090913
19450	656378	1282089163
19450	569933	1282056427
19450	1718110	1281830148
19450	1718110	1281741639
19450	1713571	1281737373
19450	1702326	1281723527
19450	1692410	1281709401
19450	1433830	1281703749
19450	1433830	1281614820
19450	826356	1281573236
19450	486121	1281559838
19450	569933	1281543129
19450	1467575	1281539085
19450	1433830	1281529915
19450	1516590	1281363577
19450	1433830	1281356906
19450	765739	1281306167
19450	1444458	1281296409
19450	785718	1281218997
19450	1576068	1281210070
19450	1433830	1281194857
19450	826356	1281131971
19450	1433830	1281098013
19450	1433830	1281011256
19450	694989	1280929998
19450	1433830	1280924736
19450	569933	1280854837
19450	468289	1280852135
19450	1402139	1280850863
19450	1551060	1280843788
19450	1433830	1280837119
19450	742673	1280789605
19450	1546827	1280767218
19450	1351920	1280763097
19450	1444458	1280696722
19450	1507010	1280594798
19450	1467575	1280508188
19450	830210	1280506041
19450	1467272	1280502225
19450	1433830	1280492330
19450	1521966	1280418542
19450	1439613	1280418336
19450	1433830	1280404610
19450	1517544	1280340068
19450	1467575	1280334711
19450	1402220	1280333318
19450	1516590	1280330302
19450	1402139	1280328713
19450	1516210	1280325713
19450	1433830	1280319587
19450	1433830	1280232292
19450	598695	1280184582
19450	1466948	1280165653
19450	1507010	1280164561
19450	1351920	1280159420
19450	1402139	1280158126
19450	1503700	1280099739
19450	1503427	1280095327
19450	181632	1280094335
19450	1502589	1280085196
19450	983161	1280074581
19450	1498463	1280020748
19450	1498187	1280017107
19450	826356	1280014469
19450	472215	1279994618
19450	1488285	1279902774
19450	158824	1279901151
19450	826356	1279830370
19450	760155	1279829697
19450	1483427	1279822145
19450	468289	1279816472
19450	1467575	1279810616
19450	569933	1279735529
19450	468289	1279731849
19450	1477402	1279728273
19450	1402139	1279726243
19450	1429856	1279643424
19450	486121	1279642296
19450	1467575	1279635558
19450	569933	1279561342
19450	1467575	1279556788
19450	1467272	1279553292
19450	1467154	1279551996
19450	1466948	1279549721
19450	983161	1279409799
19450	468289	1279406452
19450	1457966	1279402338
19450	656378	1279400465
19450	1457336	1279397098
19450	1439613	1279390309
19450	1456417	1279390124
19450	1439604	1279389816
19450	694989	1279318529
19450	484977	1279315597
19450	486121	1279315489
19450	820530	1279313087
19450	1450428	1279308678
19450	829675	1279246659
19450	1444458	1279215988
19450	1433830	1279209642
19450	1402333	1279132640
19450	1439613	1279130666
19450	1439604	1279130586
19450	1433830	1279118537
19450	1436352	1279067822
19450	486121	1279066541
19450	1435872	1279059126
19450	1402333	1279042776
19450	486121	1279041019
19450	486121	1279040940
19450	1433830	1279033235
19450	1431192	1278973643
19450	241194	1278973404
19450	742673	1278972540
19450	1429856	1278955384
19450	1402220	1278953340
19450	1429504	1278951743
19450	1429399	1278950612
19450	1402333	1278950086
19450	1402021	1278948154
19450	1429099	1278946957
19450	569933	1278888033
19450	1426485	1278886236
19450	656378	1278884461
19450	468289	1278879224
19450	445986	1278875884
19450	166741	1278789561
19450	163427	1278786495
19450	466213	1278656254
19450	1402333	1278526669
19450	1402284	1278526213
19450	1402220	1278525467
19450	1402139	1278524691
19450	1402021	1278523662
19450	166741	1278221158
19851	1065006	1273007251
19851	182415	1271551774
19851	866143	1270334259
19851	810474	1269822123
19851	817390	1269791415
19851	811560	1269728801
19851	810474	1269722996
21677	772561	1269471331
21677	768463	1269406720
21677	768463	1269304308
21677	772561	1269295708
21677	768463	1269249647
23791	5312224	1286761437
23791	817390	1286745298
23791	5280663	1286724586
23791	4717137	1286562609
23791	1555749	1286145857
23791	878131	1286129755
23791	1464175	1285107477
23791	583820	1284596638
23791	3737715	1284513262
23791	1914444	1284327496
23791	3549681	1284232909
23791	504796	1283574978
23791	2753653	1283354937
23791	2756587	1283182406
23791	2753653	1283175463
23791	479479	1283124281
26886	381993	1263502848
28468	598695	1283720064
28468	445986	1281799530
28468	1355298	1277753153
28468	1344063	1277574773
28468	817390	1273333928
28468	924326	1271022732
28468	485543	1264966013
28468	473665	1264804923
28468	446308	1264359635
28468	445986	1264356336
28468	351397	1263061089
29167	1061184	1282088823
29167	543093	1265930611
29167	537592	1265831523
29167	507679	1265341139
29167	506541	1265326010
29603	2803134	1283264290
29603	656226	1269194624
29603	656226	1267906830
29955	1934244	1282060641
31339	173051	1265729979
33122	5560821	1287197385
33122	3172797	1286973425
33122	468289	1286730370
33122	3172797	1286721623
33122	820815	1286582986
33122	3172797	1286240447
33122	820815	1286163580
33122	4798494	1286024746
33122	158824	1286016207
33122	3300789	1283881934
33122	158824	1283878634
33122	2837918	1283701506
33122	3172797	1283699349
33122	2837918	1283308840
33122	820815	1282949924
33122	158824	1282651168
37370	479581	1264882406
37370	479479	1264881825
37370	474766	1264815690
37370	462607	1264800509
37370	466380	1264700860
37370	462607	1264696340
37370	462607	1264628560
39124	907565	1281207697
39124	248743	1281041822
39124	466380	1280889162
39124	1551593	1280850637
39124	504796	1280555075
48851	158824	1273320476
50102	456181	1285884188
50102	732538	1285883933
50102	715477	1285883826
50102	1469522	1285883786
50102	1063186	1285883748
50102	1934898	1285883727
50102	25188	1285796441
50102	460627	1285796392
50102	1429099	1285796388
50102	1063186	1285796316
50102	1934898	1285796300
50207	5554813	1287190365
50207	2491105	1285279568
50207	2875780	1285089819
50207	3864418	1284737927
50207	3864418	1284693655
50207	3182248	1283707128
50207	2491105	1283191249
50207	2491105	1282930370
50207	2521479	1282882217
50207	2491105	1282849930
51954	182532	1287537802
51954	464102	1287186491
51954	1041585	1285347493
51954	595200	1284833130
51954	1041585	1283711454
51954	1041585	1283602366
51954	1041585	1283522817
51954	2690193	1283048660
51954	2495623	1282852519
51954	2429255	1282767164
51954	1956161	1282680767
51954	570685	1282613894
51954	570685	1282529391
51954	570685	1282443416
51954	570685	1282358533
51954	570685	1282272433
51954	570685	1282091816
51954	570685	1281493186
51954	1415554	1278751747
51954	595200	1278195676
51954	595200	1277585548
51954	595200	1277067258
51954	595200	1276983788
51954	297162	1270760761
51954	855764	1270247111
51954	182532	1270007486
51954	765739	1269207596
51954	182532	1269037046
51954	574528	1268957701
51954	569671	1268957509
51954	570685	1268790470
51954	182532	1268707739
51954	569671	1268620430
51954	632047	1268257085
51954	632047	1267477013
51954	628728	1267399953
51954	570685	1267237267
51954	611705	1267215368
51954	570685	1267149629
51954	611705	1267141996
51954	604305	1266983508
51954	604302	1266983314
51954	595200	1266964505
51954	598695	1266865885
51954	598417	1266862660
51954	595200	1266789101
51954	569671	1266788097
51954	582899	1266613658
51954	574528	1266451586
51954	22572	1266445524
51954	573885	1266442622
51954	570685	1266374127
51954	569802	1266359504
51954	569748	1266358497
51954	569671	1266357429
51954	569514	1266355098
51954	569327	1266352524
53558	2300704	1282570607
55442	5333888	1286813381
55442	830210	1286758637
55442	4644697	1286474156
55442	4644697	1286297862
55442	2753178	1285956762
55442	4644697	1285785571
55442	3307110	1285785501
55442	2753178	1285785463
55442	4427563	1285444005
56193	817390	1275501173
58110	830210	1272061220
58110	821120	1271725716
58164	1398575	1278457922
58164	1138773	1274283291
58164	1114173	1273859275
58164	1088044	1273364480
58164	1064746	1273003263
58164	906727	1270851690
58164	817390	1270846489
58164	341889	1262918641
58164	264450	1261674828
58164	241194	1261330660
58164	178543	1260214748
58706	1973839	1287405554
58706	742673	1287058751
58706	5305425	1286746582
58706	5301015	1286741847
58706	4996398	1286301274
58706	1973839	1286199069
58706	1973839	1285592807
58706	2735080	1285442513
58706	595200	1285348632
58706	1973839	1285075952
58706	595200	1284751737
58706	3841880	1284665337
58706	3790516	1284589484
58706	1973839	1284555822
58706	2735080	1284485241
58706	1973839	1284385914
58706	1503700	1284333766
58706	3490292	1284193221
58706	3469881	1284158328
58706	2584488	1284140640
58706	3272190	1283822110
58706	1973839	1283780553
58706	1973839	1283177356
58706	2735080	1283118225
58706	2733529	1283116534
58706	2686192	1283042697
58706	1973839	1282917257
58706	1973839	1282571749
58706	1973839	1282138155
58706	1954850	1282087044
58706	1931549	1282055820
58714	345817	1287508157
58714	1464461	1287098962
58714	173051	1284424901
58714	3602062	1284315762
58714	178543	1283777370
58714	1083521	1283617532
58714	178543	1283524413
58714	740338	1283103010
58714	2567215	1282936684
58714	2519192	1282876448
58714	178543	1282767139
58714	2333205	1282613241
58714	178543	1282335880
58714	845038	1282240157
58714	1430588	1282175728
58714	2002967	1282169799
58714	178543	1282159280
58714	1942524	1282070959
58714	178543	1281638266
58714	178543	1281386455
58714	818647	1281285356
58714	178543	1281017026
58714	1555623	1280923411
58714	1547241	1280771552
58714	1099915	1280513590
58714	178543	1280435669
58714	178543	1280246181
58714	178543	1280174064
58714	818647	1280080244
58714	863585	1280005180
58714	855284	1279842829
58714	178543	1279809101
58714	711258	1279651345
58714	1464461	1279495708
58714	178543	1279213460
58714	1438330	1279115792
58714	1430588	1278963336
58714	818647	1278863295
58714	178543	1278688646
58714	682660	1278550519
58714	178543	1278507406
58714	178543	1278342914
58714	818647	1278168790
58714	178543	1277825047
58714	818647	1277648805
58714	818647	1277587173
58714	1114173	1277513928
58714	178543	1277311810
58714	1314974	1277070242
58714	818647	1277051417
58714	1309498	1276987102
58714	818647	1275248307
58714	863585	1275172068
58714	178543	1274973371
58714	863585	1274649224
58714	1015575	1274647261
58714	1145557	1274406500
58714	178543	1273755420
58714	1099915	1273601959
58714	818647	1273414525
58714	563387	1273339141
58714	1083521	1273327610
58714	445986	1273287103
58714	173051	1272997741
58714	1041585	1272669753
58714	1038502	1272642708
58714	1022182	1272368645
58714	178543	1272320789
58714	1015575	1272236896
58714	970441	1271614186
58714	818647	1271610167
58714	961185	1271521494
58714	924382	1271360372
58714	924382	1271277311
58714	924382	1271181430
58714	178543	1271170480
58714	178543	1271096084
58714	924382	1271023221
58714	818647	1270917029
58714	907924	1270861804
58714	178543	1270648937
58714	682660	1270602586
58714	178543	1270478665
58714	818647	1270394695
58714	863585	1270318799
58714	818647	1270245400
58714	818647	1269800582
58714	798804	1269627893
58714	787531	1269481161
58714	763858	1269194529
58714	468289	1269098855
58714	740338	1269046484
58714	178543	1269033706
58714	742673	1269007039
58714	732159	1268872782
58714	178543	1268838743
58714	178543	1268755357
58714	178543	1268683220
58714	682660	1268270882
58714	178543	1268085146
58714	178543	1267485709
59314	486121	1285870128
59314	468289	1285371609
59314	486121	1285352807
59314	1956161	1285285866
59314	1956161	1284513895
59314	182415	1284141309
59314	1956161	1283906072
59314	1956161	1283300595
59314	1956161	1282867576
59314	1956161	1282693996
59314	1402284	1282686149
60272	4698166	1285876846
60272	1314974	1285802113
60272	4330802	1285764655
60272	3556373	1285519218
60272	4330802	1285333288
60272	866143	1284999942
60272	1041585	1284584357
60272	468289	1284327008
60272	3556373	1284305929
60272	2129533	1283965558
60272	2984180	1283961309
60272	826356	1283467381
60272	830210	1282092113
60298	543093	1285470262
60298	2539770	1285256838
60298	2539770	1285082554
60298	3606044	1284320126
60298	468289	1284084192
60298	2539770	1284036090
60298	2488033	1283886780
60298	2539770	1283787855
60298	3120724	1283626624
60298	2488033	1283449933
60298	2539770	1283437760
60298	2886340	1283378036
60298	1576068	1283377544
60298	2539770	1283263105
60298	2539770	1283181705
60298	543093	1283025812
60298	2539770	1282917399
60298	2489329	1282848409
60298	2488033	1282847205
61714	3424571	1284082854
61714	3356956	1283971642
61714	297162	1283814125
61714	2987660	1283783404
61714	2987660	1283521487
61714	2804154	1283264782
61723	1221211	1275657098
61723	1219609	1275618590
64471	3294770	1285088103
71024	1000246	1284294629
71024	341361	1284294548
71024	2538415	1284294458
71024	22572	1284294410
71024	346413	1284294400
71024	347097	1284294388
71024	2538421	1284294375
71024	677361	1284294331
71024	3583570	1284294208
71024	2215577	1284294033
71024	345817	1284294016
71024	1513202	1284293988
71024	878131	1284293963
71024	2816626	1284253981
71024	530041	1284253894
71024	811560	1283880548
72267	474169	1287701610
72267	2448344	1287623916
72267	3294770	1287584391
72267	474169	1287530073
72267	1463137	1287529089
72267	474169	1287440067
72267	5438204	1287420924
72267	567759	1287250806
72267	3238284	1287180199
72267	5534955	1287161392
72267	3294770	1287152594
72267	5438204	1287149088
72267	474169	1286929813
72267	4939160	1286904848
72267	5347231	1286831853
72267	334036	1286826952
72267	484978	1286736121
72267	5232015	1286671196
72267	3238284	1286565298
72267	474169	1286494231
72267	5107287	1286492649
72267	2048928	1286474330
72267	5084249	1286466625
72267	1463137	1286394112
72267	474169	1286319678
74304	865660	1284328773
74304	486121	1284231342
77193	4760564	1287493789
77193	880759	1287447231
77193	2329782	1287442655
77193	4760564	1287406010
77193	880759	1287367782
77193	880759	1287191736
77193	883731	1287186923
77193	999836	1287164696
77193	4760564	1287151499
77193	880759	1287102538
77193	2329782	1287095607
77193	4760564	1287065906
77193	880759	1287015630
77193	1063186	1286977999
77193	880759	1286934025
77193	880759	1286751123
77193	880759	1286734106
77193	4760564	1286566665
77193	880759	1286560834
77193	4760564	1286548207
77193	880759	1286500036
77193	2329782	1286495161
77193	4760564	1286467928
77193	880759	1286420916
83506	1503700	1284248878
83508	1956161	1283906622
83508	381993	1282311904
83508	1956161	1282261614
83508	381993	1282138868
83511	2305296	1285772803
83511	3561854	1284257486
83511	2019972	1283565654
83511	2959904	1283473010
83511	2376209	1283463526
83511	2305296	1282851154
83511	2305296	1282575554
83514	5433701	1286994003
83514	4422523	1286758069
83514	486121	1286745550
83514	1559187	1286673731
83514	3937856	1284783870
83514	696751	1283863844
83514	860227	1283819784
83514	3243089	1283798731
83514	860227	1283725751
83514	860227	1283651628
83514	2875540	1283364524
83514	2556875	1282929691
83514	878156	1282863289
83514	1346050	1277593974
83514	732538	1270750953
83514	891007	1270660239
83514	732538	1270576165
83514	872543	1270407369
83514	871826	1270401373
83514	860227	1270347933
83514	866988	1270341240
83514	486121	1270334080
83514	860227	1270297568
83516	4308851	1285300946
83516	830210	1284236845
83516	486121	1283038402
83516	2537617	1282911923
83522	173051	1286104757
83522	173051	1285433508
83522	1396794	1285173148
83522	4068613	1284930916
83522	2516165	1284913463
83522	2467236	1284498347
83522	163427	1284481041
83522	598695	1284220702
83522	2584488	1284140838
83522	980692	1283886287
83522	1463137	1283879571
83522	3298430	1283878486
83522	1973839	1283864628
83522	3187702	1283709658
83522	486707	1283707072
83522	598695	1283698526
83522	3097323	1283612820
83522	3025308	1283553291
83522	1973839	1283519356
83522	2962973	1283476700
83522	1973839	1283456760
83524	2954638	1285943397
83524	2954638	1285864722
83524	2954638	1285596068
83524	2954638	1285372040
83524	1956161	1285289000
83524	2954638	1285246855
83524	2954638	1285166371
83524	4187293	1285127153
83524	2954638	1285080652
83524	2954638	1284571044
83524	2954638	1284499126
83524	2954638	1284381923
83524	3552299	1284234757
83524	3313326	1284166649
83524	3456323	1284143451
83524	2954638	1284128789
83524	1956161	1284080843
83524	468289	1283984040
83524	1956161	1283903439
83524	3314446	1283900070
83524	3313326	1283897342
83524	2353778	1283552345
83524	1956161	1283470439
83524	2954638	1283462720
83524	2019972	1283390323
83524	1956161	1283306145
83524	2588324	1282963442
83524	1956161	1282868609
83524	2019972	1282785443
83524	1956161	1282695760
83524	2353778	1282658090
83524	1956161	1282263425
83524	2019972	1282191227
83524	1956161	1282091093
83526	2981740	1286547380
83526	2952698	1286475326
83526	4991952	1286297116
83526	2981740	1286281735
83526	3138380	1286047093
83526	4730676	1285935619
83526	2956377	1285887613
83526	2981740	1285850159
83526	2952698	1285616738
83526	4381454	1285390618
83526	4379663	1285384681
83526	2956377	1285369266
83526	2952698	1285345235
83526	2956377	1285282786
83526	4269074	1285271495
83526	2952698	1285258922
83526	2981740	1285246221
83526	2952698	1285173135
83526	2952698	1285086032
83526	3849147	1284672163
83526	3847103	1284670497
83526	3138380	1284657256
83526	2956377	1284591396
83526	2952698	1284586968
83526	3759144	1284555239
83526	2956377	1284501825
83526	2952698	1284494855
83526	2956377	1284416584
83526	2952698	1284410445
83526	3609416	1284325730
83526	2981740	1284228425
83526	3307110	1284123443
83526	2981740	1284079282
83526	3307110	1284037609
83526	3307110	1283957603
83526	2981740	1283900651
83526	3307110	1283889582
83526	2981740	1283814391
83526	3138380	1283640162
83526	2952698	1283545078
83526	2981740	1283520876
83526	2956377	1283468311
83526	2952698	1283457772
83530	1995455	1282912751
83530	1995455	1282848070
83530	1995455	1282664736
83530	1995455	1282585437
83530	2240991	1282446423
83530	1995455	1282330518
83530	2050142	1282245702
83530	1995455	1282224395
83530	1995455	1282160352
83534	264450	1286669522
83536	459495	1264806159
83536	264450	1264703686
83536	445986	1264703669
83536	102405	1264703657
83536	446308	1264643612
83536	459495	1264569981
83536	456864	1264535244
83536	181632	1264535012
83536	486121	1264534995
83542	460627	1276821123
83547	2862937	1286985153
83547	543093	1286842462
83547	2584488	1286766705
83547	732538	1286504704
83547	748387	1285540983
83547	3866135	1284697874
83547	2862937	1284567431
83547	2862937	1284385138
83547	2862937	1284124961
83547	3424529	1284082716
83547	2862937	1284037632
83547	2862937	1283947571
83547	2862937	1283864749
83547	2862937	1283778646
83547	569327	1283709226
83547	2436680	1283614685
83547	2984780	1283519651
83547	2862937	1283451849
83547	2862937	1283349832
83547	2833877	1283300855
83547	2419231	1283275337
83547	2430493	1283261236
83547	569327	1283216547
83547	2763023	1283189757
83547	2430493	1283174976
83552	3522185	1284219897
83552	2514203	1284217908
83552	2491105	1284137031
83552	2491105	1283449059
83552	2892548	1283384209
83552	2892296	1283383872
83552	2491105	1283359698
83552	2741409	1283220466
83552	2491105	1283178321
83552	2741409	1283129898
83552	2514203	1283024458
83552	2514203	1282868854
83552	2420719	1282864898
83552	661869	1282864698
83552	2491105	1282850663
83554	2584828	1285111675
83554	458208	1285076306
83554	3284122	1285067303
83554	3906803	1284743395
83554	3284122	1284741025
83554	3846001	1284669747
83554	2753855	1284659772
83554	3284122	1284638283
83554	2753855	1284554277
83554	3355492	1284484821
83554	2753855	1284469643
83554	2753855	1284407100
83554	3355492	1284399335
83554	577217	1284161279
83554	3470281	1284158937
83554	2753855	1284140658
83554	2753855	1284039287
83554	3284122	1284034976
83554	577217	1283991198
83554	3367870	1283984761
83554	3355492	1283966763
83554	458208	1283953863
83554	2753855	1283950327
83554	2753855	1283894365
83554	2112824	1283880691
83554	3284122	1283860039
83554	577217	1283817187
83554	2753855	1283777441
83554	577217	1283773672
83554	821120	1283611743
83554	2865826	1283355470
83554	2584828	1283203797
83554	2753855	1283176806
83554	577217	1283098436
83554	2418847	1282755982
83554	2412630	1282749247
83554	577217	1282745804
83554	2112824	1282324491
83554	2033087	1282219073
83554	1976659	1282141289
83557	1954187	1285291304
83557	1954187	1285202164
83557	456181	1283555304
83557	1954187	1283474678
83557	1954187	1283386381
83557	1954187	1282781416
83557	1954187	1282261977
83557	1954187	1282085797
83557	1933289	1282058571
83560	474002	1282696361
83560	2036086	1282665934
83560	2036086	1282312601
83560	2089174	1282309106
83560	2068949	1282265716
83560	2036086	1282226867
83566	3210069	1283997827
83566	3356956	1283975177
83566	2804154	1283965678
83566	3210069	1283913630
83566	3210069	1283747884
83566	2804154	1283723256
83566	2804154	1283348127
83566	2804154	1283267302
83571	2881182	1284056387
83571	2881182	1283369397
83573	2891862	1283383240
83573	2215577	1283347868
83575	1350874	1283899531
83575	2817196	1283344492
83575	2816431	1283278001
83577	190852	1265733552
83578	4849878	1286078984
83578	3899261	1285975982
83578	4717137	1285899233
83578	2305450	1285702115
83578	4431881	1285448412
83578	4427701	1285448286
83578	4422523	1285437426
83578	4360915	1285359178
83578	4250139	1285243018
83578	3686186	1285209683
83578	345817	1285198898
83578	347097	1285196593
83578	3750437	1285156855
83578	4183141	1285113885
83578	3849861	1284672732
83578	3686186	1284664535
83578	3832513	1284655342
83578	3686186	1284595739
83578	3791528	1284593192
83578	2305450	1284582069
83578	2305450	1284557921
83578	742673	1284553794
83578	3750437	1284548843
83585	3549681	1286903853
83585	1559758	1281140934
83585	1109587	1280951316
83585	1555749	1280925255
83588	5747858	1287492159
83588	5754894	1287421859
83588	5747858	1287413329
83588	2467236	1287406206
83588	2467236	1286373336
83588	5030621	1286367899
83588	2467236	1286200263
83588	4844130	1286069291
83588	4774441	1285991451
83588	2517791	1285979345
83588	4749966	1285955174
83588	2467236	1285938377
83588	2467236	1285764595
83588	190852	1285763852
83588	2467236	1285591539
83588	2517791	1285511918
83588	4294865	1285293505
83588	2467236	1285248974
83588	2467236	1285073925
83588	2467236	1284556919
83588	3738483	1284514565
83588	2517791	1284513938
83588	2467236	1284492425
83588	3719979	1284484764
83588	2467236	1284468881
92803	595200	1284824938
92803	3771437	1284569221
92803	1851620	1283562183
92803	892594	1281354837
92803	248743	1280942852
92803	740338	1276449322
92803	1225204	1275698825
92803	1194220	1275175112
92803	742673	1274291513
92803	1126890	1274030512
92803	742673	1273596374
92803	561883	1272674836
92803	561883	1272662944
92803	989831	1271935449
92803	982297	1271802146
92803	980692	1271782809
92803	906570	1271713671
92803	468289	1271607970
92803	962583	1271529291
92803	906570	1271456147
92803	906570	1270850354
92803	892594	1270675158
92803	838162	1270058201
92803	595200	1269806079
92803	742673	1269623801
92803	726868	1268824184
92803	721960	1268761819
92803	715477	1268675928
92803	715472	1268675851
92803	708321	1268581622
92803	472215	1268411690
92803	682412	1268267956
92803	679685	1268237195
92803	661054	1267977025
92803	472215	1267633745
92803	636809	1267575165
92803	472215	1267463427
92803	595200	1267139219
92803	601869	1266945961
92803	595200	1266791007
92803	583820	1266625090
92803	561883	1266198532
93260	1099915	1287200838
93260	5390083	1286924999
93260	4435617	1285451896
93260	3135146	1285091753
93260	4164900	1285088685
93260	3982698	1284828727
93260	3135146	1284595315
93260	3602170	1284316128
93260	3548680	1284232443
93260	3475953	1284170689
93260	3387288	1284032972
93263	1109587	1273783037
105236	470299	1282239082
105238	3371445	1286491809
105238	2034511	1286486959
105238	821120	1286056471
105238	595702	1285704148
105238	3371445	1285618569
105238	4452959	1285467658
105238	4424379	1285439009
105238	4421775	1285437146
105238	3371445	1285428446
105238	2034511	1285186089
105238	4171107	1285094545
105238	4027339	1284887038
105238	4017615	1284867916
105238	1538756	1284709076
105238	3864628	1284694011
105238	817390	1284685785
105238	3842010	1284665463
105238	2584828	1284415773
105238	3371445	1283996086
105238	2018297	1283583741
105238	1085981	1283582930
105238	1538756	1283582820
105238	817390	1283582482
105238	2034511	1282223856
105238	2018297	1282188087
105238	533422	1282147746
108207	661869	1269556612
108207	466380	1269552354
108840	1467575	1282059664
108841	4770792	1287536755
108841	1149765	1287525417
108841	2538421	1287524143
108841	2538415	1287524133
108841	1508382	1287523672
108841	1563922	1287509295
108841	1508382	1287492407
108841	2538421	1287491952
108841	2538415	1287491946
108841	1149765	1287490778
108841	4770792	1287490738
108841	1505587	1287457074
108841	1149765	1287442535
108841	1508695	1287442356
108841	2538415	1287440636
108841	2538421	1287440624
108841	1508382	1287440105
108841	1508407	1287420178
108841	2538421	1287403821
108841	2538415	1287403813
108841	811560	1287402652
108841	1149765	1287402093
108841	1505587	1287402027
108841	1505587	1287249947
108841	1149765	1287207215
108841	4770792	1287103721
108841	1149765	1287097770
108841	1508695	1287097712
108841	2538421	1287095356
108841	2538415	1287095347
108841	1508407	1287094195
108841	2538421	1287060723
108841	2538415	1287060715
108841	1149765	1287059990
108841	1505587	1287056665
108841	4770792	1287007914
108841	1149765	1287007521
108841	2538415	1287006049
108841	2538421	1287006038
108841	1508382	1287005416
108841	1508382	1286974126
108841	2538421	1286973592
108841	2538415	1286973583
108841	1149765	1286972865
108841	1505587	1286972825
108841	1149765	1286922316
108841	2538421	1286920906
108841	2538415	1286920886
108841	1563922	1286920109
108841	2538421	1286888166
108841	2538415	1286888156
108841	1505587	1286887166
108841	4770792	1286828848
108841	1503700	1286826981
108841	1505587	1286823819
108841	1505587	1286628250
108841	1149765	1286575597
108841	2538421	1286574261
108841	2538415	1286574251
108841	1508382	1286573940
108841	2538421	1286544802
108841	2538415	1286544786
108841	1149765	1286543752
108841	1505587	1286515602
108841	4770792	1286494112
108841	1149765	1286493997
108841	2538421	1286491540
108841	2538415	1286491525
108841	1508382	1286490810
108841	1508382	1286460830
108841	2538421	1286460289
108841	2538415	1286460265
108841	1505587	1286416038
108841	4770792	1286409610
108841	2538421	1286407068
108841	2538415	1286407060
108841	1508382	1286374700
108841	2538421	1286374250
108841	2538415	1286374230
108841	1149765	1286323786
108841	2538421	1286322727
108841	2538415	1286322714
108841	1508382	1286322118
108841	2538421	1286287849
108841	2538415	1286287840
108841	1149765	1286287059
108841	1505587	1286287032
108841	1149765	1286234079
108841	1508382	1286231801
108841	1508407	1286221500
108841	4770792	1286140541
108841	4887846	1286127291
108841	1505587	1286072784
108841	1503700	1286054437
108841	4770792	1285981406
108841	1505587	1285981199
108841	1149765	1285978484
108841	1563922	1285974785
108841	2538421	1285942855
108841	2538415	1285942846
108841	1505587	1285932074
108841	1149765	1285890117
108841	1508695	1285889998
108841	2538421	1285888290
108841	2538415	1285888282
108841	1508382	1285887943
108841	1505587	1285851681
108841	2516165	1285798778
108841	1505587	1285757868
108841	883731	1285706807
108841	486121	1285705812
108841	4597634	1285705045
108841	4596796	1285704056
108841	543093	1285703618
108841	4596570	1285702535
108841	1505587	1285701506
108841	4592680	1285693488
108841	1149765	1285626814
108841	1508695	1285626488
108841	2538421	1285590592
108841	2538415	1285590526
108841	1149765	1285366641
108841	1508407	1285360921
108841	2821319	1285346923
108841	1508407	1285346657
108841	2538421	1285337695
108841	2538415	1285337673
108841	1505587	1285284131
108841	1529389	1285264746
108841	2821319	1285264001
108841	1505587	1285209528
108841	1508407	1285193043
108841	1149765	1285109947
108841	2538415	1285108694
108841	2538421	1285108682
108841	1508407	1285108248
108841	1563922	1285107042
108841	347097	1285095627
108841	334036	1285092767
108841	515063	1285092751
108841	1508382	1285075760
108841	1505587	1285013784
108841	1505587	1284992020
108841	1505587	1284922916
108841	1505587	1284730697
108841	1149765	1284669371
108841	1508382	1284668405
108841	1019336	1284659890
108841	2538421	1284646464
108841	2538415	1284646454
108841	1149765	1284591063
108841	2538415	1284554695
108841	2538421	1284554679
108841	1505587	1284507441
108841	2538415	1284504306
108841	2538421	1284504268
108841	2538421	1284474378
108841	2538415	1284474364
108841	1505587	1284431206
108841	1503700	1284422189
108841	2538421	1284384191
108841	2538415	1284384182
108841	1505587	1284278016
108841	1149765	1284277525
108841	3565864	1284268826
108841	2364324	1284141052
108841	1505587	1284128729
108841	1505587	1284080199
108841	1149765	1284039483
108841	1149765	1283988636
108841	1505587	1283917467
108841	543093	1283916613
108841	2741818	1283916546
108841	468289	1283904321
108841	2538421	1283901967
108841	2538415	1283901952
108841	1505587	1283820489
108841	1149765	1283815074
108841	2538421	1283813515
108841	2538415	1283813503
108841	2821319	1283795972
108841	1505587	1283737876
108841	1503700	1283731551
108841	543093	1283730046
108841	721960	1283729258
108841	1149765	1283711724
108841	1505587	1283639176
108841	3132286	1283631972
108841	2538415	1283617080
108841	2538421	1283617051
108841	1505587	1283606334
108841	1149765	1283554850
108841	2538421	1283553523
108841	2538415	1283553510
108841	2215577	1283553421
108841	1508407	1283550649
108841	1505587	1283491223
108841	2538415	1283470298
108841	2538421	1283470288
108841	1149765	1283383338
108841	1505587	1283300657
108841	1503700	1283297332
108841	1529389	1283281704
108841	2538421	1283262980
108841	2538415	1283262967
108841	1149765	1283260713
108841	1149765	1283211536
108841	2741818	1283131685
108841	2739559	1283126563
108841	2721022	1283100197
108841	526677	1283097943
108841	2676710	1283036441
108841	1505587	1282972389
108841	1149765	1282948305
108841	2538421	1282947141
108841	1508407	1282938382
108841	2538415	1282913554
108841	1505587	1282909404
108841	1149765	1282784870
108841	1505587	1282695341
108841	2380817	1282694422
108841	1149765	1282694018
108841	2364324	1282674357
108841	2324119	1282661280
108841	1505587	1282649770
108841	1505587	1282608879
108841	1149765	1282608246
108841	1508407	1282597245
108841	2324119	1282591774
108841	2301712	1282571579
108841	1505587	1282562781
108841	1503700	1282511816
108841	1505587	1282508661
108841	1505587	1282353462
108841	1149765	1282351065
108841	1508695	1282350743
108841	2129533	1282332988
108841	1505587	1282185961
108841	1433830	1282183010
108841	1149765	1282171381
108841	1505587	1282089048
108841	1508382	1282085486
108841	1505587	1281967556
108841	1505587	1281921673
108841	1857680	1281909161
108841	1851620	1281901331
108841	468289	1281900224
108841	1505587	1281894042
108841	1149765	1281893018
108841	1505587	1281853426
108841	1808974	1281846388
108841	1149765	1281741751
108841	1508382	1281739962
108841	1505587	1281674455
108841	1433830	1281665092
108841	1505587	1281569691
108841	1149765	1281569606
108841	1598820	1281556606
108841	1505587	1281414021
108841	1433830	1281402279
108841	561441	1281377585
108841	1563922	1281050235
108841	1562743	1281034195
108841	1554266	1280889450
108841	1149765	1280878889
108841	1508382	1280876805
108841	1508407	1280860898
108841	1505587	1280806480
108841	1149765	1280793296
108841	1508407	1280774606
108841	1505587	1280728955
108841	486121	1280707981
108841	484977	1280707878
108841	1505587	1280684359
108841	1503700	1280683167
108841	1505587	1280672872
108841	1503700	1280617724
108841	1536924	1280610692
108841	1529389	1280522355
108841	1505587	1280445130
108841	1149765	1280444212
108841	1149765	1280371304
108841	1505587	1280349356
108841	1149765	1280349327
108841	1505587	1280284207
108841	1505587	1280273393
108841	1149765	1280273344
108841	661869	1280273154
108841	1508382	1280270760
108841	1513202	1280262749
108841	1149765	1280186567
108841	1508695	1280186308
108841	1508407	1280181086
108841	1508382	1280180692
108841	1505587	1280146797
108841	1149765	1280111938
108841	1149765	1279924462
108841	661869	1279924313
108841	661869	1279666758
108841	1149765	1279579289
108841	721960	1279492380
108841	543093	1279489716
108841	173051	1279231422
108841	158824	1279231409
108841	173051	1278760397
108841	1300289	1276878488
108841	515063	1276796305
108841	1149765	1275874020
108841	1149765	1274477248
108841	1127948	1274041918
108841	173051	1273467189
108841	173051	1273427675
108841	173051	1272984409
108841	1061184	1272972131
108841	1061184	1272937896
108841	173051	1272928761
108841	1052603	1272799892
108841	173051	1272798912
108841	173051	1272376912
108841	1019336	1272305860
108841	1015482	1272234629
108841	173051	1272232078
108841	917722	1272211920
108841	173051	1272153291
111393	3142997	1283648787
111393	3138659	1283640926
111393	2517791	1283634165
111395	1260196	1276281874
111395	1223084	1275676200
111396	2861261	1284039018
111396	2861261	1283960156
111396	2861261	1283886853
111396	610229	1283886150
111396	2861261	1283863126
111396	2861261	1283780451
111396	1459052	1283621017
111396	2861261	1283537092
111396	732538	1283472398
111396	2955642	1283466094
111396	2943866	1283449647
111396	2861261	1283435581
111396	878131	1283377823
111396	2861261	1283345558
115305	683954	1268298270
115309	3031672	1283952644
116032	158824	1259833308
121525	2821319	1283280831
121525	2442124	1282783452
121525	2215577	1282419232
121525	1998179	1282163750
121526	486616	1285095078
121526	2928604	1283439280
121526	1914444	1282960307
121526	1732011	1281765410
121526	231230	1281750293
121526	1704506	1281727158
121526	1663760	1281659048
121526	579072	1276822447
121526	683954	1275500985
121526	1086189	1273347001
121526	574528	1272664597
121526	799040	1272572149
121526	983161	1271815254
121526	471961	1270171852
121526	820530	1269815095
121526	814930	1269753654
121526	804308	1269678607
121526	799040	1269629423
121526	704366	1269145892
121526	749971	1269061763
121526	733918	1268898744
121526	733035	1268881929
121526	732538	1268876299
121526	711285	1268606184
121526	486121	1268528361
121526	456181	1268417614
121526	677361	1268180236
121526	661869	1267985805
121526	474002	1267985443
121526	661800	1267985218
121526	471961	1267818018
121526	455268	1267713808
121526	455268	1267537536
121526	474958	1267464519
121526	585569	1266654359
121526	585436	1266648844
121526	585003	1266638989
121526	579072	1266539519
121526	455268	1266359446
121526	537245	1265826913
121526	455268	1265809331
121526	455268	1265736036
121526	455268	1265649005
121526	515063	1265461631
121526	514133	1265441257
121526	513146	1265424443
121526	455268	1265299653
121526	455268	1265205300
121526	455268	1265117829
121526	455268	1265031604
121526	471961	1264790113
121526	455268	1264772870
121526	460627	1264623438
121526	460627	1264603874
121526	455268	1264599754
121526	458208	1264549855
121526	455268	1264533031
121526	456181	1264529226
121526	455268	1264517111
123413	2957145	1287441247
123413	1707310	1287440468
123413	661800	1287440449
123413	460627	1287426057
123413	3204818	1287357314
123413	468289	1287183430
123413	2420719	1287179914
123413	5534255	1287160376
123413	5486271	1287076435
123413	2538415	1287076164
123413	2538421	1287076148
123413	297162	1286992289
123413	2984180	1286970546
123413	2957145	1286923224
123413	460627	1286564156
123413	2538415	1286474947
123413	3038433	1286139197
123413	468289	1285991841
123413	3790632	1285888854
123413	2329371	1285782591
123413	4605494	1285721273
123413	4594008	1285697543
123413	3790632	1284672887
123413	3790632	1284591457
123413	2420719	1284553137
123413	2984180	1284380768
123413	748387	1284307342
123413	468289	1284162815
123413	2957145	1284159246
123413	2984180	1284122988
123413	3423195	1284079279
123413	2984180	1284073461
123413	2984180	1284036928
123413	2957145	1283989258
123413	3118462	1283970644
123413	2984180	1283951017
123413	1707310	1283782755
123413	3204818	1283731378
123413	2957145	1283469646
123413	661800	1283468301
123413	1707310	1282656793
123413	1707310	1281732665
123487	3150541	1284561443
126583	158824	1282942173
126583	2328378	1282603569
126588	1998221	1282163827
127214	2539770	1284050974
131522	347097	1283194485
131522	1902785	1282576490
131522	1516590	1282494865
131522	1592568	1282258889
131522	2057628	1282255675
131522	2051672	1282248234
131522	1592568	1282239131
131522	1902785	1281988417
131522	1592568	1281982723
131522	826356	1281963191
131522	1590982	1281960042
131522	1592568	1281931257
131522	1592568	1281913491
131522	1827755	1281894155
131522	1829708	1281884385
131522	1576421	1281882717
131522	1592568	1281881791
131522	1827755	1281881553
131522	826356	1281881358
131522	1594066	1281733071
131522	468289	1281712856
131522	1592568	1281657332
131522	1498187	1281644891
131522	826356	1281624406
131522	1590982	1281614675
131522	1592568	1281568217
131522	1590982	1281527965
131522	1592568	1281483569
131522	1594066	1281477136
131522	1592568	1281459778
131522	1590982	1281441398
131522	468289	1281220853
131522	1576421	1281212822
131522	1431638	1278982668
131522	817749	1277052536
136992	2413494	1282750195
143502	5554381	1287189897
143502	5501970	1287113436
143502	173051	1286106138
143502	3725885	1284489776
143502	3544083	1284229917
143502	1092056	1284054335
143502	1469522	1283970306
143502	3318936	1283909073
143502	2815636	1283882365
143502	3243032	1283798739
143502	3195631	1283718920
143503	2491105	1282917307
143503	2491105	1282852862
144214	1970831	1282741172
144214	1970831	1282583662
144214	1970831	1282395471
144214	1970831	1282174815
144214	1970831	1282152157
144214	1970831	1282135979
144535	182532	1269044082
147219	173051	1273169892
147219	696751	1272987024
147307	1430588	1279653072
147307	1469522	1279582503
147307	1451854	1279325835
150651	829675	1271720624
150651	776473	1270837022
150651	847443	1270681382
150651	776473	1270600153
150651	785730	1270560811
150651	855284	1270243299
150651	847443	1270163560
150651	829675	1270077496
150651	833805	1269993719
150651	829675	1269954625
150651	826367	1269897304
150651	826356	1269897176
150651	817749	1269794344
150651	817395	1269791458
150651	776473	1269737247
150651	785718	1269464460
150651	468289	1269461330
150651	782751	1269439546
150651	778187	1269374537
150651	776473	1269362892
150651	468289	1269296880
150651	760155	1269141846
150651	740338	1269106096
150651	742767	1269008065
150651	740338	1268963847
150651	504796	1268935032
150651	735838	1268928859
150651	486121	1268928570
150651	731545	1268867306
150953	1555749	1285789777
150953	1956161	1285290002
150953	3319296	1285201773
150953	740338	1285088125
150953	1355298	1284918350
150953	1956161	1284509743
150953	830210	1284412464
150953	458208	1283978351
150953	1956161	1283905766
150953	1555749	1283702241
150953	677361	1283618303
150953	1195433	1283553312
150953	468289	1283372604
150953	1956161	1283371309
150953	543093	1282950483
150953	1956161	1282866355
150953	1956161	1282696687
150954	929111	1280442167
150954	1174855	1279221996
152404	1092056	1283536828
152404	2763513	1283189892
152404	2695101	1283063613
152405	2862937	1285246027
152405	817390	1285118960
152405	468289	1284503077
152405	2862937	1283811085
153970	728838	1268847024
153970	345035	1268071980
153970	657883	1267918975
153970	641143	1267660645
153970	346552	1267631120
153970	346552	1267557872
153970	345035	1267553503
153970	345035	1267205866
153970	345035	1267120898
153970	346552	1267034266
153970	346552	1266867895
153970	345035	1266864812
153970	346552	1266335863
153970	564441	1266259713
153970	504796	1265931610
153970	345035	1265916280
153970	537097	1265825341
153970	345035	1264790023
153971	528732	1265919579
153971	528732	1265656629
157675	733035	1285217788
157675	1464175	1284573431
157675	2376209	1284500756
157675	3517425	1284218343
157675	2448344	1282972579
157675	1954850	1282869744
157676	1275281	1276492514
159675	3741501	1284869470
159675	3762282	1284558616
159675	3741501	1284522420
159748	742673	1269434709
159748	780755	1269402098
159859	338712	1263132020
159859	338712	1262881776
162451	3418797	1284074401
162451	820815	1283989109
162451	3121621	1283627081
162451	22572	1283099041
162451	2461020	1282822883
162451	865660	1282776717
162451	1000246	1281398601
162451	525344	1281035492
162451	1000246	1280940690
162451	1102118	1280813636
162451	1102118	1279057403
162451	525344	1274917681
162451	1162117	1274639208
162451	1102118	1274492424
162451	1102118	1273634859
162451	1051396	1272775248
162451	704366	1272585456
162451	1000246	1272066557
162451	704366	1270770946
162451	884231	1270570456
162451	884135	1270569519
162451	526474	1270437111
162451	821120	1270430762
162451	821120	1269821810
162451	721960	1269296513
162455	3314430	1283900037
162461	166741	1286495871
162461	190852	1286473949
162461	504796	1286323739
162461	4465315	1285485911
162461	3423865	1284080691
162461	785730	1283128050
162465	158824	1286871286
174204	3371445	1287440818
174204	1503700	1287339671
174204	5691232	1287334564
174204	5613847	1287245065
174204	5577698	1287221219
174204	5113436	1286703820
174204	5257765	1286700160
174204	5232015	1286661242
174204	5101635	1286547798
174204	5113436	1286510005
174204	3371445	1286491329
174204	5101635	1286482713
174205	3316854	1284605740
174205	3316854	1283905891
174205	3239897	1283797381
177812	173051	1285971191
178568	1357965	1277817734
179551	4743721	1286303704
182189	1942524	1287485841
