599	573185	1266434309
599	571715	1266410536
1813	1358472	1284827677
3003	571715	1281317532
3003	478263	1281317510
3003	1358518	1281317453
3003	77911	1281317414
4352	1048652	1272744728
6402	1425895	1284138127
6402	156349	1283874473
6402	608661	1267787878
6402	644929	1267737742
6402	510689	1267641573
6402	511817	1265410064
6402	510689	1265399052
6402	487056	1265384489
6402	493317	1265369972
6402	487056	1265325811
6402	493317	1265196521
6402	487056	1265154973
6402	494922	1265133718
6402	311648	1265125092
6402	493317	1265104340
6402	487056	1264979860
6402	483820	1264939614
6402	478263	1264873731
6402	77911	1264871813
6402	363894	1264848403
8180	163119	1259932377
8438	77911	1261692223
8591	822580	1287507282
8591	1487258	1287238641
8591	1366038	1287238613
8591	808552	1286899364
8591	808552	1286642192
8591	808552	1286464535
8591	808552	1286028360
8591	2607278	1285864992
8591	859744	1285414613
8591	962139	1285414597
8591	3115264	1285414572
8591	2607278	1285339263
8591	734094	1285128503
8591	808552	1284742354
8591	734094	1284453094
8591	1477151	1283869428
8591	1467479	1283869384
8591	1182116	1283869353
8591	1285723	1283869344
8591	1366038	1283869332
8591	1058853	1283869308
8591	1487258	1283869293
8591	1191206	1283869275
8591	1580809	1283694544
8591	690504	1283694534
8591	1089374	1283694519
8591	1120285	1283694511
8591	1590632	1283693592
8591	1471692	1283693571
8591	1197110	1283693558
8591	3115264	1283623892
8591	962139	1283623822
8591	1044265	1283536904
8591	734094	1283536785
8591	734094	1281599030
8591	849296	1281284679
8591	709629	1281279524
8591	734094	1279690596
8591	1193863	1279460342
8591	545030	1279460270
8591	1040945	1279454469
8591	1425895	1279292499
8591	1438865	1279292441
8591	816998	1278766131
8591	1416660	1278766060
8591	734094	1275884787
8591	734094	1275635189
8591	1044265	1275410861
8591	734094	1273647841
8591	1089663	1273398961
8591	666198	1273239779
8591	1068023	1273071767
8591	1040945	1272663625
8591	734094	1272600717
8591	734094	1272526986
8591	920148	1270985997
8591	734094	1270713193
8591	734094	1270624743
8591	734094	1269932992
8591	817116	1269789114
8591	816998	1269788038
8591	734094	1269421968
8591	734094	1269326209
8591	734094	1268903348
10542	1106207	1285216635
10542	2522981	1285175451
10542	796200	1285164236
10542	4184318	1285115863
12692	625456	1287254989
12692	597410	1287209332
12692	156349	1287201083
12692	625456	1287201044
12692	625456	1286820759
12692	2469576	1286815433
12692	5325285	1286795398
12692	859206	1286789604
12692	156349	1286780340
12692	625456	1286778897
12692	625456	1286475018
12692	1460369	1286472507
12692	1543517	1286465051
12692	597410	1286461847
12692	163620	1286433253
12692	625456	1285524469
12692	156349	1285522725
12692	494922	1285508916
12692	4485227	1285508270
12692	363894	1285498239
12692	1198190	1285493490
12692	625456	1285489875
12692	625456	1285347734
12692	1460369	1285343892
12692	597102	1285335688
12692	4322577	1285325197
12692	2469576	1285314993
12692	4258517	1285255864
12692	1198644	1285255414
12692	890486	1285254171
12692	1183455	1285254131
12692	156349	1285241691
12692	625456	1285240476
12692	923790	1284800615
12692	597410	1284790423
12692	1480803	1284790297
12692	1068023	1284746820
12692	938625	1284731202
12692	597102	1284725405
12692	597102	1284711380
12692	1480753	1284708868
12692	3356650	1283970807
12692	625456	1283970264
12692	156349	1283969245
12692	719525	1283966821
12692	545192	1283966694
12692	1070499	1283966672
12692	1516666	1283965952
12692	938625	1283957435
12692	3340906	1283954473
12692	1672694	1283953218
12692	842156	1283949469
12692	850273	1283947987
12692	850417	1283947953
12692	3330127	1283933915
12692	1070438	1283931492
12692	1460369	1283931459
12692	156349	1283927598
12692	164045	1283926829
12692	625456	1283926650
12692	1460697	1283799128
12692	625456	1283796630
12692	156349	1283796399
12692	311648	1283794118
12692	1460369	1283793313
12692	950833	1283791639
12692	1363696	1283782444
12692	1285723	1283779364
12692	3225095	1283779250
12692	1326531	1283779142
12692	1182116	1283778958
12692	597102	1283770117
12692	1480753	1283769995
12692	3217492	1283768199
12692	2454602	1283768022
12692	3215943	1283759807
12692	2479521	1283758693
12692	3214851	1283758360
12692	744705	1283757465
12692	923790	1283756308
12692	1211981	1282911576
12692	1401144	1282911559
12692	625456	1282909372
12692	156349	1282909349
12692	608661	1282901612
12692	545192	1282901008
12692	1509763	1282899923
12692	504027	1282899552
12692	1466579	1282894714
12692	1471692	1282888881
12692	2522981	1282888841
12692	1478811	1282852336
12692	363894	1282839796
12692	690491	1282839784
12692	2469576	1282831689
12692	2469528	1282831543
12692	2458540	1282823794
12692	2458533	1282819481
12692	540078	1282817455
12692	2454659	1282810559
12692	2454602	1282810194
12692	973537	1282809927
12692	456943	1282809427
12692	1314471	1282808243
12692	545192	1282808233
12692	534429	1282808143
12692	156349	1282805414
12692	625456	1282805037
12692	1460697	1279958698
12692	625456	1279957268
12692	156349	1279956932
12692	1460369	1279953557
12692	690504	1279953492
12692	859674	1279952901
12692	1215662	1279949110
12692	1336940	1279946562
12692	1460048	1279946243
12692	958698	1279946053
12692	1465334	1279945373
12692	1478811	1279945193
12692	1485724	1279915305
12692	1478811	1279915271
12692	860363	1279913843
12692	1161451	1279913404
12692	1425895	1279913244
12692	937882	1279913118
12692	1475720	1279909437
12692	974926	1279908046
12692	1089663	1279907296
12692	859206	1279907252
12692	1482800	1279904816
12692	707902	1279861802
12692	1480326	1279861764
12692	1485846	1279861002
12692	1119385	1279860619
12692	1485724	1279856780
12692	1478811	1279856735
12692	1478811	1279809042
12692	1465334	1279808932
12692	1482150	1279808176
12692	1061494	1279806640
12692	691472	1279806467
12692	1480753	1279805929
12692	597102	1279786727
12692	1480753	1279786671
12692	1460339	1279785415
12692	608661	1279785237
12692	224406	1279777780
12692	311648	1279777752
12692	1298881	1279777402
12692	1460369	1279777120
12692	1480370	1279773776
12692	156349	1279773662
12692	1480357	1279773647
12692	164045	1279773234
12692	625456	1279772457
12692	1460697	1279452086
12692	1460663	1279451595
12692	625456	1279449672
12692	156349	1279449538
12692	487056	1279446953
12692	1175845	1279446762
12692	198617	1279446606
12692	1460369	1279446289
12692	545192	1279446219
12692	1460339	1279445873
12692	1460296	1279445051
12692	1460289	1279444921
12692	1460278	1279444794
12692	1460256	1279444300
12692	1460225	1279443669
12692	1441941	1279177231
12692	734094	1279176924
12692	709629	1279175936
12692	1441865	1279174381
12692	1441848	1279173732
12692	1188800	1279173252
12692	859674	1279173090
12692	745792	1279172678
12692	545192	1279172164
12692	609813	1279171821
12692	156349	1279169794
12692	625456	1279168584
14406	478263	1284406436
14406	77911	1284406391
14406	1358518	1284406302
14406	545030	1284406242
14406	540059	1284406169
14809	700387	1285182222
14809	973495	1285177422
17929	5486723	1287078749
18611	1358518	1285667957
18611	4550948	1285617386
18611	164045	1283839615
19144	1460697	1287309002
20862	2946522	1283451226
20862	938257	1282982315
20862	1878095	1282747142
20862	1378483	1278160382
20862	1352929	1277718749
20862	1337313	1277488056
20862	1307017	1276966557
22058	1331336	1277397741
22058	1089663	1277286392
23796	77911	1257351554
23796	77812	1257346687
26878	476866	1264855695
26878	257124	1264590617
26878	363894	1263231928
26878	362384	1263202331
26878	236199	1263138732
26878	343697	1262962008
26878	343438	1262957212
26878	243215	1262897309
26878	236199	1262620328
26878	303986	1262298365
26878	243215	1262203565
26878	295771	1262192885
26878	244977	1262083789
26878	288181	1262079239
26878	243215	1262031301
26878	283945	1262023536
26878	282881	1262008655
26878	263102	1261992106
26878	243215	1261945643
26878	278090	1261938682
26878	277317	1261921664
26878	243215	1261905752
26878	268101	1261733992
26878	263307	1261653740
26878	263102	1261648872
26878	257124	1261578891
26878	257003	1261577396
26878	244977	1261562729
26878	243215	1261507620
26878	245395	1261485028
26878	244977	1261463225
26878	249972	1261461320
26878	243215	1261419839
26878	246162	1261415793
26878	245395	1261402095
26878	244977	1261389204
26878	243215	1261352538
26878	240146	1261305766
26878	236199	1261253763
27979	164045	1283822358
27979	1334669	1283820020
27979	971476	1281553763
27979	971476	1281115149
29604	5069452	1287498130
29604	4786734	1286017105
29604	1091168	1285943028
29604	575930	1285770886
29604	4488508	1285517280
29604	575930	1284635821
29604	1358968	1284208321
29604	3452083	1284134442
29604	3351608	1284064109
29604	938625	1283875875
29604	1470222	1281616669
29604	1182116	1280573384
29604	1285723	1280498312
29604	575930	1279199194
29604	1336952	1277484961
29604	343546	1275300865
29604	1151927	1274516336
29604	478263	1274437579
29604	1146536	1274437526
29604	511817	1274437294
29604	931648	1274437265
29604	970077	1274437120
29604	1089663	1274437094
29604	926303	1274437048
29604	1146073	1274425292
29604	1045228	1273329773
29604	1081426	1273299928
29604	1077011	1273244067
29604	859304	1272947105
29604	597102	1272947068
29604	923790	1272945956
29604	923790	1272743268
29604	1045228	1272721433
29604	575930	1271680772
29604	958412	1271499173
29604	957813	1271491803
29604	859206	1271488834
29604	870885	1271488562
29604	678883	1271338902
29604	493406	1271338798
29604	666198	1270666644
29604	734094	1270666586
29604	891841	1270666558
29604	636323	1270323712
29604	859934	1270295840
29604	817072	1269788710
29604	815763	1269773050
29604	805886	1269698160
29604	804753	1269686901
29604	804682	1269685496
29604	804668	1269685292
29604	804657	1269685147
29604	401257	1269684881
29604	575930	1269254004
29604	597354	1269109121
29604	575930	1268837519
29604	707902	1268576709
29604	691472	1268403823
29604	575930	1268319026
29604	679055	1268225437
29604	625954	1267364943
29604	575930	1267006513
29604	575930	1266849244
29604	597354	1266840718
29604	586274	1266672585
29604	575930	1266486119
29604	551059	1266070228
29604	414926	1263933494
29619	957813	1277410835
29619	164045	1272519101
29619	545192	1272513544
29619	894769	1272511041
29877	951055	1271417694
29877	950561	1271410109
29877	950272	1271401668
29877	923790	1271400035
30314	869944	1272208948
30314	926303	1271141443
30314	926303	1271062740
32323	3282918	1283857466
32323	726087	1283767560
37132	164002	1272534358
38386	1326531	1278602851
38386	906515	1270849906
38407	1290258	1284304420
38407	858776	1279650223
38407	1424160	1278859559
38407	1156062	1278771210
38407	633627	1274618084
38407	1156062	1274555138
38407	1044265	1272711747
38407	633627	1267515508
38407	504027	1265881916
38407	504027	1265796921
38430	913335	1272008578
38430	297895	1271962072
38443	2919318	1285865089
38443	625456	1285304735
38443	1288377	1284899613
38443	1288377	1284810566
38443	858776	1284228225
38443	1566912	1283420993
38443	850417	1283238275
38443	850417	1283153884
38443	2713222	1283092612
38443	807695	1283085938
38443	691472	1282888112
38443	2390993	1282718720
38443	850417	1282647442
38443	850417	1282547509
38443	2258227	1282492804
38443	958880	1282488032
38443	625456	1282289932
38443	1460369	1282053738
38443	1901543	1281986679
38443	691472	1281973938
38443	1737493	1281773681
38443	1695578	1281717609
38443	1257445	1281698051
38443	1672694	1281685441
38443	1595647	1281518209
38443	1565645	1281094668
38443	1447794	1279279705
38443	850417	1279018387
38443	1257445	1278916317
38443	691472	1278497248
38443	1374952	1278103933
38443	1040945	1278094732
38443	1257445	1278067050
38443	957813	1277278262
38443	625456	1276950088
38443	625456	1276713037
38443	1271702	1276437878
38443	1257445	1276248307
38443	1040945	1275850219
38443	1234461	1275821500
38443	1161451	1274633308
38443	1161244	1274631212
38443	951055	1274557145
38443	926065	1274450027
38443	1143311	1274373041
38443	691472	1274249416
38443	1135475	1274205930
38443	1114100	1273858568
38443	597102	1273814449
38443	691472	1273680916
38443	283945	1272802018
38443	1040945	1272715267
38443	1037740	1272633815
38443	1030921	1272517913
38443	691472	1272388960
38443	164045	1271953927
38443	816212	1269779153
38443	807695	1269709547
38443	806410	1269701737
38497	4534440	1287315588
38497	5582326	1287315575
38497	3282918	1287313025
38497	5582326	1287226589
38497	5487073	1287080495
38497	1397356	1287054304
38497	5370423	1286892925
38497	5197680	1286623872
38497	5191751	1286618615
38497	859206	1286517001
38497	2479456	1286481562
38497	1285723	1286380719
38497	1760893	1286106416
38497	1552332	1285786222
38497	1514439	1285782416
38497	1514439	1285767835
38497	1579556	1285685244
38497	224406	1285586401
38497	1552332	1285422749
38497	979919	1285356637
38497	1562966	1285351085
38497	2479456	1285351069
38497	1581026	1285323548
38497	690504	1285315306
38497	1460339	1285306435
38497	1581026	1285272520
38497	2479456	1285263651
38497	4256952	1285253102
38497	288181	1285252139
38497	690504	1285249875
38497	1460339	1285247181
38497	2479456	1285169065
38497	4206767	1285159484
38497	1552332	1285099237
38497	1581026	1285095346
38497	224406	1285093611
38497	4164787	1285087526
38497	1040945	1285087394
38497	926065	1285056876
38497	1581026	1285047621
38497	296859	1285047609
38497	926065	1284957928
38497	1552332	1284951513
38497	1552332	1284795448
38497	1552332	1284750060
38497	2490049	1284744021
38497	3890831	1284730348
38497	296853	1284562756
38497	296859	1284562745
38497	1581026	1284562733
38497	859206	1284554770
38497	224406	1284532768
38497	894937	1284449467
38497	1552332	1284402783
38497	894937	1284366263
38497	1562966	1284303947
38497	2479456	1284303929
38497	1191206	1284296792
38497	2919318	1284037349
38497	283945	1284037328
38497	296853	1284024641
38497	2479456	1283964830
38497	1058853	1283933324
38497	1366038	1283933309
38497	1053707	1283880053
38497	938981	1283868699
38497	1480803	1283866251
38497	1152027	1283864712
38497	1552332	1283619146
38497	296859	1283618348
38497	1581026	1283618332
38497	1460339	1283616081
38497	224406	1283614835
38497	609538	1283611724
38497	3085907	1283605756
38497	2701328	1283163363
38497	2701328	1283076981
38497	1552332	1283058968
38497	224406	1283005176
38497	979919	1282923715
38497	224406	1282904858
38497	1552332	1282894436
38497	1552332	1282856960
38497	2479456	1282838863
38497	478263	1282833838
38497	805224	1282833316
38497	1434281	1282832175
38497	456943	1282830385
38497	1552332	1282811614
38497	1552332	1282758842
38497	1552332	1282715111
38497	1552332	1282655500
38497	2344370	1282645356
38497	224406	1282645245
38497	311648	1282645162
38497	1552332	1282628935
38497	1552332	1282589219
38497	2308684	1282579254
38497	1460339	1282578693
38497	224406	1282562800
38497	1552332	1282474331
38497	1552332	1282435851
38497	1552332	1282413197
38497	609538	1282408820
38497	859206	1282401711
38497	859206	1282388045
38497	1552332	1282351821
38497	1221611	1282313472
38497	859674	1282313460
38497	665327	1282302696
38497	1552332	1282234184
38497	1581026	1282232619
38497	1221611	1282231268
38497	609538	1282228987
38497	859674	1282228785
38497	224406	1282221977
38497	1552332	1282217595
38497	1552332	1282183161
38497	1460339	1282152381
38497	1019069	1282122142
38497	1552332	1282109142
38497	1552332	1282086358
38497	1552332	1282061638
38497	937882	1282057508
38497	973882	1282057486
38497	1409175	1282056757
38497	1928387	1282047281
38497	1926939	1282041670
38497	1552332	1282032471
38497	1552332	1281977584
38497	1581026	1281976446
38497	1756883	1281958372
38497	837746	1281957835
38497	1141365	1281957815
38497	224406	1281948670
38497	1552332	1281900039
38497	1581026	1281894985
38497	690504	1281891255
38497	224406	1281883295
38497	1460339	1281877740
38497	1178944	1281873446
38497	1480803	1281873079
38497	1581026	1281870825
38497	1760893	1281799434
38497	1756883	1281793399
40804	5929204	1287750257
40804	1106207	1287684428
40804	1106207	1287507987
40804	1131274	1282775908
40804	288181	1281533389
40804	1131274	1281372430
40804	1131274	1280693947
40804	1106207	1280466382
40804	1178173	1280409834
40804	1131274	1280348079
40804	1131274	1280271767
40804	1103738	1280244519
40804	1131274	1280178782
40804	1103738	1280149072
40804	1131274	1280092880
40804	1131274	1279701155
40804	1131274	1278624211
40804	1106207	1278524144
40804	1131274	1278437725
40804	1103738	1278426258
40804	1106207	1278349472
40804	1131274	1278275911
40804	1131274	1278191785
40804	300714	1278164011
40804	1106207	1278154924
40804	1106207	1278091734
40804	1131274	1277924890
40804	1131274	1277505806
40804	1131274	1277245053
40804	1131274	1276884740
40804	1131274	1276113030
40804	1106207	1275974391
40804	1106207	1275369851
40804	1106207	1275327267
40804	1131274	1275171577
40804	1190895	1275149306
40804	1178173	1274963551
40804	1103738	1274870634
40804	1131274	1274823540
40804	1131274	1274734048
40804	1106207	1274725680
40804	926065	1274432665
40804	1131274	1274412638
40804	1103738	1274357174
42030	1123576	1273969325
42030	904353	1273845862
42030	958469	1273768642
45166	77911	1284793054
45166	1215042	1284567222
45342	557578	1274187104
45487	979919	1284452085
45487	1546759	1283079304
45487	1590579	1281873825
45487	1486057	1281873777
45487	597102	1281420064
45487	363894	1280985935
45487	597102	1278915006
45487	1285723	1278598620
45487	807695	1278156650
45487	597102	1276752906
45487	597102	1276579838
45487	962139	1276513649
45853	957813	1276446066
46231	2718180	1283098303
46821	164045	1266159601
46821	557578	1266145264
46894	311648	1283272618
46894	2792634	1283245873
47068	456943	1287497866
47068	1521483	1286815372
47068	1070438	1283795238
47068	1070499	1283795215
47068	198617	1283795191
47068	729991	1283111161
47068	2717818	1283097991
47068	2652294	1283036676
47068	1364152	1283036472
47068	1027426	1272464559
47988	164045	1284607811
48239	625456	1284018822
48239	3361005	1283976357
48239	3343867	1283957819
48239	3305751	1283887661
48239	3292121	1283870520
48239	1355661	1283848012
48239	3229120	1283782325
48239	164002	1283772099
48239	1359689	1283621203
48239	2590519	1283606426
48239	478263	1283598863
48239	77911	1283596480
48239	1221611	1283594364
48239	164045	1283529471
49211	92021	1271184294
49211	931713	1271141249
52758	1024077	1274193794
52758	164045	1269523380
55314	719525	1272387183
55314	719525	1272114798
55314	719525	1271959314
55314	719525	1270789872
55314	869944	1270384694
55314	456943	1270289356
55314	719525	1270275406
55314	719525	1270104958
55314	719525	1269965701
55314	719525	1269930505
55314	719525	1269875883
55314	816667	1269784679
55314	719525	1269587631
55314	719525	1269453886
55314	719525	1269280949
55314	746328	1269034229
55314	744705	1269023900
55314	456943	1269021994
55314	729991	1268854979
55314	729356	1268850348
55314	719525	1268725449
55314	666173	1268066031
55314	619234	1267277392
55314	456943	1264535912
56802	344645	1262974826
56984	971476	1285818126
57397	926065	1271071498
57397	835544	1270727178
57397	835544	1270640226
57397	835544	1270554796
57397	835544	1270032286
57397	746328	1269784770
57801	164045	1286765641
57801	164045	1285769851
64402	597102	1283515112
64402	283945	1283455588
64402	283945	1283121140
64402	268101	1283119167
64402	597102	1281896008
64402	860615	1281450885
64402	283945	1281450877
64402	1574542	1281266141
64402	597102	1281190688
64402	597102	1280916499
64402	1539662	1280657486
64402	283945	1280416715
64402	1290258	1280416709
64402	1471382	1280236109
64402	1505746	1280148886
64402	860615	1279999509
64402	1290258	1279999492
64402	283945	1279999454
64402	1492372	1279962816
64402	597102	1279886350
64402	597102	1279712774
64402	1471382	1279629657
64454	164045	1273291160
64454	1021883	1272363066
64454	996555	1272033355
64454	868848	1270371040
64454	859940	1270295462
64454	849296	1270193625
64454	96197	1270156774
64454	846001	1270150518
64454	164045	1269952913
64454	782097	1269933833
64454	782097	1269431421
64456	1062800	1272978944
64456	1062486	1272973967
64456	869944	1270661339
64456	888815	1270635053
64456	575930	1270629297
64456	575930	1270456143
64456	667447	1270317992
64456	575930	1268154609
64456	667994	1268090239
64456	667447	1268081852
64456	619234	1268071236
64456	575930	1266846463
64456	575930	1266679946
66453	5384722	1286912022
66453	3275741	1286857765
66453	249972	1284962055
66453	938625	1284732903
66453	3275741	1284658036
66453	3275741	1283970236
66453	938625	1283962307
66453	3331283	1283937363
66453	3275741	1283833281
66453	277525	1283767501
66453	1519911	1280383716
66453	1234929	1280340033
69216	163119	1273440445
69216	1093120	1273439324
78695	679249	1279186478
78845	1052650	1284598696
78845	1358518	1284561131
78845	859206	1284553845
78845	3720551	1284485299
78845	3502984	1284388802
78845	77911	1284385213
80303	164045	1268465100
80303	77911	1268413301
80303	92021	1268335532
80303	164045	1268329048
80412	597102	1269100087
80412	164045	1268857908
80412	597102	1268580036
81534	5688451	1287329891
81534	5604034	1287239369
81534	4151236	1287048918
81534	557578	1287047086
81534	890486	1287044420
81534	4989232	1286292585
81534	979919	1285949290
81534	4720701	1285910679
81534	4694650	1285873468
81534	4633316	1285769893
81534	859578	1285335463
81534	1556334	1285163517
81534	4202607	1285155775
81534	4201738	1285154789
81534	4151236	1285072043
81534	3990658	1284833116
81534	1556334	1284738271
81534	1561898	1284128101
81534	890486	1283432851
81534	890486	1283164561
81534	1511263	1281634593
81534	311648	1280422891
81534	1517398	1280338759
81534	1517025	1280335105
81534	1511263	1280241486
81534	890486	1280135134
81534	1425895	1279366245
81534	1438865	1279363735
81534	890486	1278931927
81534	890486	1278421295
81534	1285723	1278143511
81534	863836	1277912287
81534	1320730	1277196412
81534	863836	1276760938
81534	557578	1276517297
81534	597410	1275827579
81534	1227101	1275734642
81534	863836	1275490675
81534	863836	1274973150
81534	863836	1274888593
81534	557578	1274459170
81534	863836	1274297087
81534	890486	1274108741
81534	959157	1273920419
81534	549986	1273688030
81534	863836	1273675353
81534	863836	1273072182
81556	5069452	1287404629
81556	5731329	1287397328
81556	1601388	1287394394
81556	978218	1287384053
81556	1478811	1287350538
81556	5069452	1287298476
81556	5069452	1287038171
81556	1478811	1286904471
81556	5069452	1286891110
81556	4083982	1286883148
81556	1478811	1286740811
81556	1337807	1286625219
81556	4210719	1286441055
81556	5069452	1286441036
81556	938625	1286381656
81556	1478811	1286129531
81556	1478811	1285957311
81556	597410	1285847562
81556	2458540	1285837638
81556	1509872	1285766132
81556	1441865	1285766096
81556	1331768	1285679733
82365	5730297	1287393987
82365	5528849	1287156370
82365	5400563	1287038857
82365	5400563	1286959348
84346	1191206	1283838480
84346	2040402	1283811908
84346	1471382	1283667158
84346	3117682	1283625127
84346	597102	1269201016
84346	597102	1268484167
84902	5675590	1287313409
84902	159929	1287313310
84902	5589360	1287231005
84902	971476	1287230851
84902	2537479	1287152203
84902	963965	1287068560
84902	852779	1287065512
84902	979919	1286631300
84902	971476	1286628153
84902	2537479	1286375797
84902	979919	1286031327
84902	1512189	1286027757
84902	979919	1285947992
84902	2537479	1285942573
84902	4161119	1285858445
84902	4021848	1285857454
84902	2537479	1285769546
84902	852779	1285683769
84902	2537479	1285601998
84902	979919	1285508618
84902	1441941	1285409682
84902	959157	1285352534
84902	979919	1285350609
84902	4338793	1285341464
84902	690491	1285264415
84902	979919	1285259068
84902	1089374	1285258843
84902	852779	1285251662
84902	2537479	1285166456
84902	4161119	1285082343
84902	4021848	1285081233
84902	1358968	1285081209
84902	3322900	1284996695
84902	2537479	1284995064
84902	979919	1284909541
84902	1089374	1284908820
84902	737763	1284899488
84902	159929	1284899083
84902	852779	1284732757
84902	3350670	1284560171
84902	852779	1284560024
84902	979919	1284476598
84902	1089374	1284476045
84902	1601988	1284389354
84902	2537479	1284389032
84902	979919	1284300723
84902	545192	1284295246
84902	3583138	1284293396
84902	296859	1284290477
84902	1441941	1284200421
84902	979919	1284129314
84902	1198190	1284126591
84902	1509885	1284121912
84902	979919	1283870611
84902	979919	1283437874
84902	950803	1283336962
84902	979919	1283263047
84902	1512189	1283251717
84902	979919	1283095869
84902	296859	1283087401
84902	1509885	1283015402
84902	1441941	1282993024
84902	1198190	1282989067
84902	979919	1282922594
84902	1089374	1282921945
84902	852779	1282918646
84902	979919	1282833053
84902	690504	1282832678
84902	690491	1282832226
84902	1198190	1282830130
84902	979919	1282751465
84902	979919	1282575513
84903	1118152	1273921114
84903	690250	1273900048
84903	597410	1272041941
84903	985571	1271865321
84903	984032	1271842152
84903	943818	1271831530
84903	943818	1271323222
84903	926065	1271057250
86475	923790	1286206372
86475	164045	1286015173
86475	164045	1276429420
86475	478263	1276416550
86475	77911	1276111231
86475	164045	1276076568
89658	164045	1274016343
89831	1134644	1274195418
93475	3276026	1287484458
93475	278090	1287484447
93475	1561584	1287484438
93475	3275185	1287484400
93475	1211981	1287482867
93475	1480357	1287482824
93475	156349	1287482790
93475	1480370	1287482746
93475	1002728	1287482731
93475	164045	1287482705
93475	1467187	1287133377
93475	412594	1287133354
93475	828763	1287133327
93475	2589035	1287133304
93475	483820	1287133283
93475	4339777	1287133262
93475	1737328	1287133218
93475	3641410	1287133204
93475	1052650	1287133182
93475	1587848	1287133170
93475	77812	1287133156
93475	576943	1287133132
93475	5206598	1287133117
93475	5021067	1287133091
93475	5209706	1287133033
93475	95239	1287133009
93475	843505	1287132992
93475	1354033	1287132970
93475	2262630	1286712163
93475	1378483	1286712101
93475	968520	1286712087
93475	938981	1286711990
93475	878887	1286711971
93475	1040945	1286711916
93475	5207132	1286633336
93475	969175	1286621466
93475	822237	1286621452
93475	1703826	1286621437
93475	805348	1286621418
93475	1703814	1286621406
93475	5186446	1286612919
93475	4928364	1286205195
93475	4927984	1286204896
93475	719525	1285965201
93475	2548252	1285965172
93475	3763797	1285965157
93475	4266577	1285965108
93475	1353836	1285965096
93475	3412194	1285965078
93475	926342	1285759113
93475	2415294	1285684085
93475	95239	1285684061
93475	2463188	1285684032
93475	829333	1285684012
93475	1581575	1285683986
93475	823280	1285441845
93475	1432754	1285441819
93475	951131	1285441797
93475	989883	1285441772
93475	3915954	1285441748
93475	3346582	1285441726
93475	1363386	1285441683
93475	619234	1285441655
93475	4388745	1285402659
93475	1206378	1285400097
93475	1058485	1285400076
93475	2288294	1285400056
93475	1220802	1285400029
93475	950833	1285399996
93475	1255001	1285399964
93475	2765529	1285399940
93475	950803	1285399905
93475	3355846	1285399871
93475	1578209	1285399849
93475	2569303	1285399819
93475	910937	1285399783
93475	373329	1285399740
93475	3164810	1283681404
93475	644929	1283681242
93475	1477333	1283680958
93475	764064	1283680916
93475	1529200	1283680898
93475	2479646	1283680833
93475	913335	1283680791
93475	939661	1283680760
93475	1178944	1283680738
93475	1438761	1283680715
93475	573185	1283680666
93475	729010	1283680642
93475	1347705	1283680606
93475	912446	1283680587
93475	164002	1283680529
93475	1354033	1283680488
93475	2415294	1283680410
93475	2463188	1283525052
93475	95239	1282841823
93475	391771	1282478363
93475	2183451	1282398932
93475	967959	1282398860
93475	2180319	1282395128
93475	1509565	1282393151
93475	1089374	1282393102
93475	953583	1282393080
93475	979919	1282393067
93475	1702818	1282393044
93475	2178381	1282392685
93475	690504	1282392453
93475	959157	1282392388
93475	1514439	1282392308
93475	984166	1282391245
93475	363894	1282391188
93475	224406	1282391170
93475	997430	1282391152
93475	1198190	1282391131
93475	2081886	1282390789
93475	858776	1282390547
93475	1159645	1282390518
93475	1036771	1282390497
93475	1391179	1282314070
93475	392559	1282314031
93475	1397356	1282314010
93475	1602436	1282313969
93475	991995	1282313929
93475	1407024	1281700143
93475	1561898	1281678207
93475	391771	1281624865
93475	1602436	1281623175
93475	392559	1281622891
93475	1485899	1281622871
93475	95239	1281622377
93475	938267	1281540782
93475	95239	1281524564
93475	1397356	1281523948
93475	545192	1281523337
93476	923790	1286626335
93683	625456	1287121218
93683	1178944	1287073179
93684	973882	1279638986
93684	973882	1271673909
93684	640361	1268332641
93696	957922	1271493413
93698	5219437	1286646323
93698	3284530	1283860800
93698	311648	1282058880
93698	1475720	1279707159
93698	1460048	1279451241
93698	1460048	1279438751
93698	795795	1275640038
93698	926065	1271167846
93698	795795	1269595371
94049	625456	1287236683
94049	625456	1286636103
94845	1922462	1282031501
94845	164045	1280830915
94845	919555	1280736202
94845	919555	1280676533
94846	945660	1271347866
94846	888758	1271152461
94846	926914	1271073432
94846	913335	1270918456
94846	912446	1270912919
94846	164002	1270912690
94846	888758	1270634175
94846	875410	1270460348
94846	391771	1269697450
95224	951047	1271517697
95224	691472	1271399396
95224	919582	1271393777
95231	1198358	1287485893
95231	1198358	1287397023
95231	1198358	1287139018
95231	1198358	1286965967
95231	1510829	1286793505
95231	1198358	1286447461
95231	1198358	1286273423
95231	1590579	1286189116
95231	4720701	1285914862
95231	1198358	1285842024
95231	1590579	1285756626
95231	1357458	1285668377
95231	1198358	1285583086
95231	1357458	1285322724
95231	1198358	1285238016
95231	1510829	1285151397
95231	1465813	1285064383
95231	1198358	1284978536
95231	3176480	1284821464
95231	283945	1284814476
95231	3953599	1284807834
95231	1198358	1284718745
95231	3823255	1284656650
95231	3823255	1284643535
95231	3749233	1284547025
95231	3633638	1284544469
95231	894937	1284448446
95231	3633638	1284373507
95231	1357204	1284370161
95231	3593894	1284306149
95231	3591960	1284303505
95231	3590036	1284300819
95231	1198358	1284112315
95231	2919318	1284033202
95231	1198358	1284024992
95231	1198358	1283941185
95231	3282273	1283855390
95231	1357458	1283768296
95231	2919318	1283612989
95231	1198358	1283509588
95231	1198358	1283422748
95231	1198358	1283337583
95231	1198358	1283251193
95231	1510829	1283164606
95231	1510838	1281696728
95231	1533505	1280584968
95231	1357204	1280481648
95231	1198358	1280398688
95231	1465828	1279880225
95231	923790	1279821031
95231	923790	1279648506
95231	1465813	1279623184
95231	923790	1279562077
95231	1358968	1279560868
95231	1465813	1279533539
95231	296859	1279477609
95231	1355726	1279462437
95231	1355686	1279461277
95231	1355723	1279461083
95231	923790	1279302829
95231	923790	1279270597
95231	1355817	1279268580
95231	923790	1279216206
95237	1441325	1279156101
95241	1348502	1277640596
95241	1348473	1277640277
95241	1348408	1277639605
95241	1348364	1277639203
95241	1348322	1277638695
95241	1348218	1277637390
95241	1348201	1277637235
95241	922043	1277562591
97038	164045	1286024339
97038	1093120	1285966463
97038	3115264	1285927033
99692	1401144	1285825845
100992	2947682	1286639217
100992	4798054	1286625473
100992	1316617	1286295065
100992	859578	1285929931
100992	690645	1284971349
100992	2538451	1284940662
100992	609538	1284893686
100992	690504	1284385373
100992	1438008	1281701315
100992	1438008	1281523240
100992	679249	1281520599
100992	493317	1281459890
100992	609538	1281270679
100992	1347962	1280999576
100992	1316617	1280924628
100992	679249	1280921224
100992	77911	1280244753
100992	1347962	1280126183
100992	1347962	1279185703
100992	1438008	1279110612
100992	1347962	1279008169
100992	1347962	1278920127
100992	1347962	1278579184
100992	1347962	1278579184
100992	1347962	1278491981
100992	1347962	1278399267
100992	1347962	1278316154
100992	1347962	1278060348
100992	1347962	1277974051
100992	1316617	1277812503
100992	1347962	1277797698
100992	1285365	1277717795
100992	679249	1277714748
100992	1347962	1277633769
100992	959157	1277586192
100992	1316617	1277569369
100992	1316617	1277427832
100992	1316617	1277383413
100992	1316617	1277295837
100992	1316617	1277208822
100992	1316617	1277127870
100992	1316617	1277113838
100992	679249	1277113411
100992	1285365	1276793700
100992	679249	1276772778
100992	1285365	1276707941
100992	493317	1276623706
100992	1285365	1276620821
100992	959157	1276603747
101230	164045	1277742311
102243	597102	1287489525
102243	2627628	1287428542
102243	5756841	1287423561
102243	96197	1287417117
102243	3412194	1287335926
102243	5281113	1287332897
102243	96197	1287317059
102243	3412194	1287260711
102243	1471382	1287161237
102243	1590039	1287138003
102243	1546759	1287084505
102243	2806214	1286953867
102243	96197	1286902944
102243	1590583	1286895864
102243	4927238	1286879188
102243	3749233	1286878439
102243	1590035	1286877461
102243	96197	1286824612
102243	5281113	1286724834
102243	482868	1286724199
102243	597102	1286680152
102243	1364152	1286658925
102243	1191206	1286590176
102243	3635934	1286551318
102243	3412194	1286474338
102243	4920510	1286453706
102243	4920315	1286453548
102243	1574542	1286440708
102243	1710100	1286389507
102243	4927238	1286270760
102243	4939566	1286217355
102243	597102	1286212210
102243	4927238	1286204565
102243	1590035	1286199945
102243	1590579	1286199614
102243	1590039	1286196665
102243	1191206	1286131146
102243	96197	1286123076
102243	1505746	1286119601
102243	1574542	1286113840
102243	1191206	1286050355
102243	96197	1286033149
102243	1710100	1286019069
102243	1191206	1285967481
102243	1191206	1285948339
102243	4737626	1285943739
102243	3412194	1285872246
102243	1191206	1285868382
102243	1590039	1285831439
102243	1191206	1285777006
102243	4259212	1285775906
102243	1590035	1285676795
102243	1485899	1285614325
102243	708479	1285611152
102243	1546759	1285611041
102243	1326531	1285610918
102243	1052650	1285610737
102243	1590035	1285576991
102243	597102	1285532661
102243	597102	1285514101
102243	96197	1285439898
102243	4419616	1285436192
102243	597102	1285351847
102243	2971660	1285342276
102243	1590039	1285326315
102243	96197	1285280362
102243	3412194	1285269589
102243	4266577	1285267798
102243	1191206	1285260845
102243	4259212	1285257563
102243	1590039	1285234859
102243	1191206	1285182313
102243	2490049	1285180868
102243	2806214	1285179132
102243	1574542	1285168202
102243	1590035	1285142135
102243	1191206	1285091052
102243	1574542	1285069238
102243	1191206	1284914739
102243	3583684	1284908022
102243	1576169	1284869157
102243	1364152	1284855748
102243	96197	1284835864
102243	3988816	1284831218
102243	1191206	1284752377
102243	3775907	1284744880
102243	1590039	1284736726
102243	717024	1284726013
102243	1191206	1284672673
102243	3412194	1284663407
102243	1191206	1284655471
102243	1590039	1284648319
102243	3775907	1284572260
102243	597102	1284565858
102243	1471382	1284557126
102243	1590035	1284549757
102243	1590039	1284543682
102243	1191206	1284487440
102243	96197	1284405795
102243	1191206	1284393162
102243	938257	1284376642
102243	3635934	1284375785
102243	1590035	1284365626
102243	1198358	1284365611
102243	1191206	1284315153
102243	3583684	1284294527
102243	597102	1284219776
102243	1191206	1284140457
102243	96197	1284124637
102243	3412194	1284055358
102243	1191206	1284050157
102243	1590039	1284020597
102243	2806214	1284015365
102243	1191206	1283890337
102243	1191206	1283878082
102243	1590035	1283850308
102243	1590039	1283844827
102243	96197	1283793446
102243	597102	1283759527
102243	1191206	1283704696
102243	96197	1283696613
102243	597102	1283654380
102243	3134092	1283634173
102243	1425895	1283632329
102243	2028367	1283631700
102243	1364152	1283629729
102243	1191206	1283627951
102243	96197	1283619281
102243	597102	1283613874
102243	1191206	1283542038
102243	597102	1283533835
102243	597102	1283517628
102243	1590039	1283508866
102243	1590035	1283501532
102243	2947682	1283452833
102243	597102	1283445852
102243	1590035	1283415629
102243	1590039	1283335863
102243	1590035	1283331884
102243	1710100	1283282568
102243	1590035	1283249843
102243	597102	1283164898
102243	1590035	1283153826
102243	1590035	1282910497
102243	2490049	1282849001
102243	1191206	1282845336
102243	2453510	1282805114
102243	2400509	1282745121
102243	1590039	1282727440
102243	597102	1282646723
102243	1590035	1282558686
102243	1590039	1282550673
102243	597102	1282504121
102243	2262630	1282502193
102243	1576169	1282417826
102243	958880	1282406201
102243	1191206	1282338762
102243	96197	1282334577
102243	597102	1282321802
102243	1574542	1282291475
102243	1590583	1282212776
102243	823618	1282134501
102243	737238	1282134464
102243	1175845	1282134447
102243	510689	1282134411
102243	608661	1282134385
102243	960291	1282134363
102243	311648	1282134336
102243	487056	1282133750
102243	1191206	1282129672
102243	96197	1282117967
102243	597102	1282050674
102243	1590035	1282048556
102243	1510916	1282047807
102243	1590583	1282041523
102243	1590035	1282035051
102243	597102	1281947720
102243	1542072	1281897656
102243	597102	1281894066
102243	597102	1281799068
102243	1002728	1281770922
102243	597102	1281740751
102243	1425895	1281737935
102243	1710100	1281735543
102243	1191206	1281734899
102243	96197	1281733988
102243	1703814	1281726392
102243	1692695	1281710577
102243	1692683	1281710346
102243	958880	1281710204
102243	597102	1281683796
102243	597102	1281631294
102243	1586807	1281625764
102243	1601988	1281620026
102243	1590583	1281613013
102243	1600732	1281596852
102243	159929	1281545567
102243	1578209	1281524800
102243	597102	1281520122
102243	1590035	1281441726
102243	1590583	1281436323
102243	1590039	1281436140
102243	1590035	1281424057
102243	1578209	1281372239
102243	597102	1281336351
102243	1574542	1281268992
102243	1578209	1281232712
102243	1576169	1281210889
102243	1574542	1281199849
102243	1505746	1281199063
102244	1193863	1287501953
102244	4920315	1287399976
102244	4920510	1287399881
102244	5730761	1287395302
102244	96197	1287342583
102244	3412194	1287335193
102244	5281113	1287326980
102244	96197	1287321918
102244	4917754	1287314500
102244	3942737	1287309427
102244	1438865	1287260267
102244	3386892	1287244053
102244	1482265	1287244022
102244	5598715	1287236038
102244	2040402	1287174230
102244	2971660	1287092867
102244	4897754	1287092568
102244	1703814	1287066755
102244	4897754	1286984415
102244	4111279	1286828249
102244	4897754	1286827493
102244	1576057	1286827474
102244	3386892	1286824194
102244	1482265	1286824155
102244	597102	1286724168
102244	5278116	1286722382
102244	5271429	1286715502
102244	3942737	1286708323
102244	96197	1286657822
102244	5206682	1286632778
102244	5206598	1286632766
102244	1517082	1286561233
102244	1576057	1286556314
102244	4897754	1286493197
102244	3412194	1286474058
102244	4259212	1286473589
102244	4920510	1286453721
102244	4920315	1286453672
102244	1574542	1286447255
102244	1191206	1286445483
102244	1460369	1286445082
102244	545192	1286445050
102244	4111279	1286391784
102244	4917754	1286389129
102244	4259212	1286380727
102244	4920510	1286364606
102244	4920315	1286364552
102244	4920510	1286197559
102244	4920315	1286197428
102244	4917754	1286194438
102244	4884082	1286191445
102244	4897754	1286145711
102244	3386892	1286135881
102244	1482265	1286135849
102244	4437453	1286123215
102244	4884082	1286122223
102244	1505746	1286112497
102244	1574542	1286111601
102244	2028367	1286110776
102244	1512100	1286033977
102244	1710100	1286019270
102244	4585443	1286015751
102244	3749177	1286012590
102244	4759846	1285959995
102244	4329276	1285952443
102244	3412194	1285871827
102244	4621914	1285753435
102244	1576057	1285746143
102244	1576057	1285698995
102244	4585443	1285685693
102244	3749177	1285685556
102244	1485899	1285614320
102244	1052650	1285610725
102244	1482265	1285516300
102244	3386892	1285516261
102244	1542350	1285515487
102244	1535273	1285515136
102244	1548066	1285515102
102244	4437453	1285453219
102244	96197	1285448692
102244	1576057	1285426929
102244	4398181	1285412948
102244	597102	1285351763
102244	2971660	1285342303
102244	4329276	1285331030
102244	4325262	1285327084
102244	4324558	1285326606
102244	1586795	1285325843
102244	1586807	1285325797
102244	3749177	1285323610
102244	3412194	1285267941
102244	4266577	1285267629
102244	1191206	1285260871
102244	4259212	1285257550
102244	1576057	1285168566
102244	1348002	1285157859
102244	1586807	1285154959
102244	1586795	1285154940
102244	4197000	1285149695
102244	4111279	1285001509
102244	2806214	1284817073
102244	1512100	1284803405
102244	3942737	1284797733
102244	1576057	1284729023
102244	3850405	1284673317
102244	3412194	1284663136
102244	1191206	1284655467
102244	1472989	1284638055
102244	3386892	1284637994
102244	3763286	1284560355
102244	2806214	1284557743
102244	3749177	1284546864
102244	1191206	1284487476
102244	3699882	1284459629
102244	96197	1284405372
102244	625456	1284389476
102244	3276026	1283833687
102244	3275185	1283828760
102244	1191206	1283717284
102244	159929	1283680352
102244	1191206	1283543779
102244	597102	1283536131
102244	283945	1283433207
102244	2919318	1283432004
102244	2859245	1283343864
102244	2855957	1283341310
102244	2806214	1283266156
102244	2028367	1283264494
102244	709043	1283261753
102244	2800410	1283260402
102244	2796156	1283256049
102244	2647890	1283032974
102244	2647998	1283032943
102244	2665687	1283029214
102244	2652294	1283022120
102244	2647998	1283019372
102244	2647890	1283019300
102244	2602398	1282993143
102244	2551831	1282926554
102244	2537479	1282911617
102244	1601988	1282907920
102244	2463188	1282824878
102244	2430483	1282767338
102244	2248327	1282481860
102244	913335	1282417885
102244	597102	1282414443
102244	2164585	1282373709
102244	96197	1282334104
102244	597102	1282322084
102244	597102	1282245600
102244	2040402	1282235205
102244	597102	1282150572
102244	1923638	1282036729
102244	1879980	1281955684
102244	1002728	1281770683
102244	597102	1281740135
102244	1438865	1281737922
102244	1710100	1281735504
102244	1191206	1281734873
102244	96197	1281733911
102244	1703814	1281726463
102244	1703826	1281726398
102244	1692683	1281711455
102244	1692695	1281710417
102244	958880	1281710282
102244	597102	1281697992
102244	597102	1281630988
102244	1586807	1281625532
102244	1586795	1281625500
102244	1601988	1281618282
102244	1576057	1281549922
102244	159929	1281545399
102244	1576057	1281373152
102244	1586807	1281367328
102244	1586795	1281367157
102244	1586373	1281361653
102244	1574542	1281286070
102244	1576057	1281210043
102244	1574542	1281199845
105321	164045	1285253040
106024	625456	1287374912
106551	1285723	1287486370
106551	5225055	1287159673
106551	1285723	1287133173
106551	1512298	1286519776
106551	4667971	1285837694
106551	1285723	1285662471
106551	1285723	1284956615
106551	1546759	1284400205
106551	985571	1283960820
106551	1285723	1283494403
106551	1285723	1283152755
106551	1285723	1282547456
106551	958285	1282381066
106551	648156	1282378729
106551	1285723	1282304009
106551	1285723	1281945419
106551	1759303	1281794413
106551	1285723	1281337429
106551	1285723	1280912296
106551	1285723	1280841155
106551	1477151	1280841093
106551	1467479	1280841079
106551	1285723	1280728983
106551	1406266	1280568116
106551	1363696	1280472865
106551	1285723	1280472841
106551	1285723	1280393954
106551	1366038	1280392333
106551	1285723	1280309336
106551	1285723	1279782328
106551	1285723	1279525553
106551	1434281	1279038943
106551	938149	1279038619
106551	1285723	1278919495
106551	1423413	1278848884
106551	1423185	1278845318
106551	1406266	1278834481
106551	1378954	1278825077
106551	1366038	1278774122
106551	1285723	1278773505
106551	1366038	1278697100
106551	1363696	1278667305
106551	597102	1278615551
106551	1285723	1278581723
106551	1404665	1278576854
106551	1378954	1278568041
106551	1363696	1278494930
106551	1285723	1278485178
106551	1378954	1278476238
106551	1285723	1278417547
106551	1378954	1278395166
106551	1391179	1278343773
106551	1363696	1278324534
106551	1285723	1278309180
106551	1366038	1278308772
106551	1389425	1278308287
106551	1384448	1278235748
106551	1378954	1278165036
106551	1377204	1278142031
106551	1363696	1278065476
106551	1285723	1278054986
106551	1285723	1277973732
106552	343546	1280390083
106552	1505198	1280390071
106552	343546	1280325768
106552	343546	1280295017
106552	1505198	1280295007
106552	1505198	1280239371
106552	400513	1280205230
106552	1507103	1280165495
106552	1505198	1280140320
106552	343546	1280140029
106553	5225055	1286650054
106555	1363696	1283511622
106555	1285723	1283505486
106555	1285723	1282752452
106555	1477151	1282310420
106555	1467479	1282303198
106555	1285723	1282302882
106555	1285723	1281362244
106555	1363696	1281012856
106555	1363696	1280915385
106555	1285723	1280912821
106555	1285723	1280841509
106555	1545040	1280741695
106555	1520020	1280733969
106555	1492820	1280729803
106555	456159	1280586232
106555	1285723	1280498471
106555	1363696	1280488391
106555	1285723	1280481637
106555	1285723	1280406873
106555	1363696	1280396463
106555	1285723	1280394002
106555	1520020	1280387999
106555	1285723	1280312639
106555	1363696	1280309213
106555	1492820	1280258827
106555	1285723	1280229208
106555	1363696	1280222575
106555	1285723	1280143181
106555	1363696	1280136205
106555	1500034	1280055772
106555	1499765	1280051312
106555	1460256	1279992300
106555	1492820	1279969049
106556	1285723	1279892586
107751	164045	1284084862
107751	2289625	1284049207
107751	656219	1283875075
107751	77911	1283873558
107751	3083392	1283859989
107751	164045	1283853201
109935	1002728	1287051953
109935	164045	1287045811
109935	971476	1286476518
109935	164045	1286468704
109935	625456	1286161383
109935	1460369	1286156933
109935	1237231	1282743688
109935	2400263	1282734414
109935	283945	1282734243
109935	625954	1280593746
109935	1152941	1274529280
109935	997222	1272039689
109935	982187	1271800594
109935	971476	1271623013
109935	283945	1271622273
109935	707902	1271611216
109935	957922	1271590345
109935	967304	1271583155
109935	957922	1271493307
109935	957454	1271483428
109935	283945	1270979772
109935	910937	1270901858
109940	1125286	1274008565
109940	1120285	1273941303
111551	2552780	1287418371
111551	1471382	1287351623
111551	96197	1287281537
111551	1191206	1287183100
111551	5225055	1287084561
111551	1546759	1287084551
111551	1471382	1287070466
111551	1191206	1287055827
111551	1471382	1287006062
111551	1191206	1286988820
111551	1191206	1286743377
111551	1191206	1286589029
111551	1471382	1286576687
111551	96197	1286571817
111551	4027021	1286570229
111551	2552780	1286556871
111551	1546759	1286396923
111551	1191206	1286394483
111551	1191206	1286228772
111551	1471382	1286212005
111551	1191206	1285965704
111551	1471382	1285956692
111551	1471382	1285859327
111551	96197	1285855096
111551	1471382	1285841167
111551	96197	1285772439
111551	753812	1285662983
111551	1471382	1285605675
111551	311648	1285594304
111551	1191206	1285585601
111551	597102	1285503027
111551	1191206	1285013057
111551	1191206	1284832508
111551	1191206	1284748643
111551	1471382	1284745004
111551	719925	1269886040
111551	96197	1269733784
111551	597102	1269723826
111551	96197	1269649610
111551	597102	1269620002
111551	597102	1269550675
111551	597102	1269448651
111551	597102	1269356440
111551	719925	1269290316
111551	597102	1269278846
111551	597102	1269201948
111551	164045	1269190243
111551	597102	1269126545
111551	719925	1269109004
111551	224406	1269107115
111551	753812	1269103603
111551	597102	1269012731
111551	597102	1268937141
111551	719925	1268919651
111551	597102	1268857199
111551	597102	1268838685
111551	719925	1268735459
111551	597102	1268579016
112454	545192	1274837316
112698	164045	1265789718
112698	164045	1265557983
117316	3288622	1283864005
117316	1441325	1283774854
119052	737238	1268938788
119052	510689	1268849463
119385	482868	1264911798
119385	436494	1264254004
119385	431812	1264192475
119385	431784	1264192247
119385	431754	1264192019
119385	431708	1264191595
119385	431677	1264191333
120895	1070438	1280305240
120895	1514439	1280290086
121979	625456	1269346837
121981	1505198	1284470344
121981	343546	1284469110
121981	1520020	1283159421
121981	1520020	1282905718
121982	1010796	1272183292
121982	990322	1271942651
121984	597410	1273599170
121984	636323	1273335783
121984	1078148	1273255938
121984	636323	1267567668
121984	343546	1262959155
122706	5782950	1287486878
122706	1180139	1286121146
122706	1180139	1285944264
122706	1487258	1285938455
122706	1180139	1285853482
122706	1180139	1285767199
122706	1880461	1284917622
122706	1180139	1283426473
122706	1180139	1283344528
122706	1180139	1282906640
122706	1180139	1282834543
122706	2457533	1282816415
122706	1180139	1282747739
122706	1180139	1282659677
122706	2304694	1282575014
122707	3775907	1286386333
122707	3806366	1286342568
122707	3806366	1286258127
122707	3775907	1285787334
122707	3806366	1285673198
122707	1021883	1285408186
122707	3806366	1285304687
122707	3806366	1285227024
122707	1191206	1284753559
122707	3775907	1284744915
122707	1590039	1284739513
122707	3806366	1284717855
122707	3806366	1284622603
122707	3775907	1284572463
127232	504027	1279291543
127232	504027	1279118675
127232	504027	1278661098
127232	805886	1278650890
129092	707902	1285155775
130440	830598	1286810878
130440	796200	1286789074
130440	5027133	1286443633
130440	822527	1283420415
130440	1486057	1279868554
130440	1385927	1278256308
130440	1312158	1277037919
130440	1075835	1274954088
130440	746328	1273830792
130440	822527	1273571129
130440	1075835	1273225207
130440	849530	1273049252
130440	1036771	1272618550
130440	746328	1272533112
130440	746328	1272277581
130440	849530	1271929386
130440	796200	1271843930
130440	875430	1271756404
130440	822527	1271667075
130440	938257	1271511080
130440	909337	1271487320
130440	822527	1271323672
130440	919224	1270967671
130440	909337	1270882467
130440	849530	1270801534
130440	849530	1270718758
130440	164045	1270475418
130440	875430	1270460739
130440	859744	1270294012
130440	849530	1270198655
130440	822527	1270024443
130440	830598	1269964697
130440	822527	1269855786
130440	816244	1269779450
130440	796200	1269602980
130440	789214	1269518807
130441	159929	1269185766
130441	736355	1269084107
130441	159929	1269084095
130441	750503	1269071722
130441	737763	1268942341
130441	736355	1268933012
130441	159929	1268932907
130443	5602578	1287238546
130443	962139	1277215706
130446	401257	1287418725
130446	1487258	1287413394
130446	5737657	1287405672
130446	910937	1287401907
130446	5191751	1287378016
130446	3282918	1287312970
130446	5582326	1287300935
130446	5069452	1287300918
130446	5582326	1287234235
130446	5069452	1287210709
130446	534429	1287070409
130446	805886	1287065141
130446	2619734	1287035139
130446	5191751	1287035128
130446	4989457	1286979958
130446	1487258	1286950308
130446	2489005	1286897178
130447	5147464	1286554693
130447	4534440	1286520761
130447	4534440	1286432563
130447	890486	1285786391
130447	4210719	1285163331
130448	835544	1283253320
130448	2748242	1283154408
130448	2297912	1282829144
130448	835544	1282645727
130448	2297912	1282567602
130448	2290956	1282550263
130448	2289625	1282546709
130449	4690510	1285867750
130450	1037037	1272623880
130655	1134903	1277565203
130655	1134903	1277544138
130655	1337807	1277492673
130655	597410	1277469670
130655	1331768	1277401731
130655	1329455	1277366284
130655	1141768	1277363734
130655	1198190	1277228744
130655	1161536	1277223686
130655	391771	1277119330
130655	1161536	1276965415
130655	971476	1276893312
130655	1161536	1276885925
130655	1141768	1276847837
130655	1294923	1276789683
130655	1141768	1276770978
130655	1141768	1276163560
130655	837746	1276094762
130655	837746	1276013641
130655	837746	1275900692
130655	1220905	1275889782
130655	837746	1275886632
130655	1134903	1275828944
130655	1229361	1275755958
130655	837746	1275663420
130655	1141768	1275654897
130655	1220905	1275652671
130655	1217922	1275591713
130655	1141768	1275461611
130655	1141768	1275309232
130655	1195834	1275206951
130655	1161536	1275155626
130655	1134903	1275131211
130655	1161536	1275070455
130655	1141768	1275021071
130655	837746	1274974076
130655	1161536	1274899650
130655	837746	1274894860
130655	1141768	1274859274
130655	837746	1274803723
130655	837746	1274714791
130655	1161536	1274634040
130655	837746	1274514741
130655	837746	1274370355
130655	1141768	1274345107
130655	1141365	1274330144
130655	1134726	1274328845
130655	1134726	1274289724
130655	837746	1274287772
130655	1134903	1274198896
130655	1134726	1274196915
130655	837746	1274171169
130660	878887	1273867084
130660	878887	1273786086
130751	1211981	1275491974
130764	978515	1271795148
132181	860615	1286628857
132181	1521649	1286618851
132181	297895	1286391721
132181	3232991	1286380858
132181	3232991	1286298695
132181	2490049	1285970149
132181	2183451	1285959481
132181	679249	1285863430
132181	1542072	1285503276
132181	931713	1285499719
132181	1542072	1285492278
132181	297895	1285458068
132181	1093120	1285435676
132181	3183418	1285259874
132181	297895	1284925833
132181	4036326	1284898038
132181	3232991	1284886132
132181	297895	1284837224
132181	3984085	1284828489
132181	1089663	1284821942
132181	3972468	1284818105
132181	690672	1284806897
132181	297895	1284749212
132181	283945	1284737365
132181	1521649	1284695324
132681	870885	1277907738
132681	1019069	1277899861
132681	985571	1277892355
132681	890486	1277892327
133825	5069452	1287232388
133825	5271349	1286715411
133825	5209706	1286639500
133825	5209463	1286637625
133825	5139577	1286546222
133825	1298881	1286436377
133825	5034671	1286373386
133825	4975012	1286279526
133827	1515479	1286791816
133827	4027021	1286473814
133827	1710100	1286467740
133827	1515479	1286023477
133827	1044862	1285951951
133827	1515479	1285853232
133827	1515479	1283770047
133827	3083392	1283604616
133827	1424160	1283598208
133827	1515479	1283508497
133827	1515479	1283168336
133827	1515479	1280404028
133827	1515479	1280315956
133827	1021883	1280315370
133828	1520181	1282327003
135949	2359802	1282665470
135949	2117443	1282417786
135949	2117443	1282327960
135949	2028367	1282214479
135949	2020772	1282197906
139461	1751537	1284046985
139857	984032	1277248665
139962	984767	1287061849
139962	979919	1284139029
139962	3335470	1283944186
139962	1191206	1283541725
139962	979919	1282936523
139962	1702818	1281724627
139962	1183455	1281723943
140254	164045	1287428363
140645	164045	1277082614
140645	1314471	1277063709
140645	609538	1277057031
140939	1442236	1279186095
140939	1129664	1278580859
140939	1340604	1277629260
140939	1340604	1277538752
140939	1077011	1275466372
140939	1162717	1274713276
140939	1111723	1274693943
140939	1129664	1274436045
140939	1111723	1274262447
140939	693716	1274175618
140939	1129664	1274087683
140939	1111723	1273828865
140939	1106534	1273815081
140939	878887	1273768225
140939	1106534	1273738838
140942	5078260	1286964943
140942	3892463	1286468564
140942	5078260	1286459497
140942	3892463	1286041754
140942	1556334	1285085412
142786	934199	1271177906
142786	922677	1271009041
142786	859206	1270990340
145142	576943	1282182211
145142	1354033	1281839634
145142	391771	1281839463
147306	545192	1265981950
147306	545030	1265978878
147306	544754	1265970249
147306	456943	1265925664
147306	164002	1265888762
147306	540059	1265886829
147306	540078	1265883991
147306	536945	1265823785
147306	536668	1265819050
147306	534429	1265761236
147306	156349	1265730583
149605	1237231	1279401773
149605	859744	1278796997
149605	922043	1277537668
149605	1326560	1277309820
149605	1091168	1273419767
149605	902470	1270816415
149605	152036	1270809202
152277	609538	1279113037
153940	3635122	1286962251
153940	4248974	1286361981
153940	3083392	1286305268
153940	164045	1286205212
153940	3275185	1285737496
153940	1546759	1285577001
153940	3083392	1285535519
153940	597102	1285525570
153940	4248974	1285238370
153940	3083392	1285215744
153940	719525	1284991619
153940	1359689	1284976387
153940	159929	1284560010
153940	625456	1284491229
153940	625456	1284441248
153940	3635122	1284374776
153940	597102	1284366129
153940	2415294	1284250383
153940	700387	1284140524
153940	597102	1284047951
153940	597102	1283691253
153940	1191206	1283537768
153940	597102	1283531003
153940	2390993	1283530643
153940	1359689	1283505900
153940	1036771	1283502178
153940	625456	1283457327
153944	842156	1270724340
153944	667447	1270654444
153944	842156	1270114717
153953	878887	1285955543
153953	2490049	1284274048
153953	1198190	1283593664
153953	2490049	1283593494
153953	878887	1270491411
153953	709629	1268592868
153953	709043	1268588396
153953	708479	1268583215
153953	665327	1268314915
153953	679249	1268229297
153953	665327	1268224102
153953	665327	1268138737
153953	665327	1268048350
153965	868848	1270371094
153965	849296	1270194240
157362	822580	1285001084
157362	808552	1279359845
157362	808552	1276621632
157362	822580	1275930577
157362	822580	1274723951
157362	808552	1273227550
157362	808552	1272966935
157362	822580	1272747263
157362	808552	1272548238
157362	822580	1272286309
157362	808552	1272023728
157362	967959	1271592141
157362	822580	1270465297
157362	808552	1270321568
157362	822580	1270205264
157362	808552	1269938876
157362	808552	1269866169
157362	822580	1269856923
157362	808552	1269782609
157362	709629	1269770405
157363	1182116	1287401687
157363	3085907	1287316251
157363	804506	1287228346
157363	1326531	1286535622
157363	1182116	1286446219
157363	5021067	1286351356
157363	3405162	1286272703
158241	401257	1263741714
158241	400513	1263728012
158241	392559	1263650184
158241	391771	1263637278
161663	3229966	1283783552
161663	989883	1280062111
161663	1406266	1279879380
161687	3356650	1284876306
161687	625456	1284866118
161687	625456	1284556567
161691	1285723	1283786828
167825	511817	1285178847
167825	1336952	1285178832
167825	2607278	1283979635
167825	2792634	1283979598
167825	3177228	1283704591
167825	1598158	1283704375
167825	288351	1283704343
167825	2548252	1283704329
167825	679055	1283704275
167825	1363149	1283704259
167825	822580	1283623567
167825	849296	1283623533
167825	1123576	1283545239
167825	1542914	1283545228
167825	96197	1283545214
167825	2815768	1283509381
167825	1215042	1283461531
167825	1601400	1283461506
167825	2792634	1283427031
167825	1460289	1283382167
167825	1118152	1283382136
167825	923790	1283382095
167825	1234929	1283381991
167825	1815862	1283381951
167825	1460296	1283381925
167825	1601318	1283290363
167825	1347333	1283290333
167825	1460278	1283286036
167825	2823575	1283282647
167825	1057371	1283282493
167825	2822212	1283281263
167825	2815768	1283275719
167827	283945	1287070460
167827	971476	1287070438
168538	1364152	1278099896
168538	1374506	1278099340
168543	1364152	1279131817
168545	3356650	1286772454
173857	954154	1279123252
174875	1285723	1284102918
174875	1285723	1283845794
174875	1363696	1283510558
174875	1285723	1283440817
174875	1463267	1283368989
176333	971476	1286299075
176333	971476	1284665734
176333	3742822	1284622649
176333	3742822	1284533113
177069	973196	1287070508
177069	973196	1286829121
177466	1316889	1282041922
177466	1316889	1281433969
177466	1316889	1281349547
177466	1541448	1280678961
177466	894723	1280232883
177466	953583	1279991219
177466	894723	1279870075
177466	894723	1279781739
177466	1206378	1279710181
177466	894723	1279693333
177466	894723	1279640718
177466	894723	1279520855
177466	898697	1279487701
177466	898697	1279225095
177466	1220802	1279190785
177466	894723	1279180913
177466	898697	1279145269
177466	1440458	1279140907
177466	1206378	1279107240
177466	894723	1279105386
177466	1432754	1279017798
177466	894723	1279004012
177466	1316889	1278932435
177466	898697	1278852199
177466	1422568	1278831146
177466	922865	1278756159
177466	891841	1278605433
177466	1206378	1278586859
177466	894723	1278569815
177466	1316889	1278497885
177466	898697	1278452084
177466	1058485	1278411217
177466	894723	1278398562
177466	898697	1278363939
177466	894723	1278314220
177466	898697	1278276269
177466	1385087	1278245598
177466	1057371	1278218077
177466	1070499	1278215775
177466	898697	1278213711
177466	898697	1278190401
177466	894723	1278056398
177466	898697	1278008790
177466	989883	1277982197
177466	898697	1277937446
177466	894723	1277909515
177466	1206378	1277895988
177466	894723	1277881414
177466	898697	1277846730
177466	894723	1277803895
177466	898697	1277759450
177466	1206378	1277719078
177466	894723	1277710960
177466	1058485	1277463446
177466	894723	1277455016
177466	1316889	1277377594
177466	894723	1277361072
177466	898697	1277314717
177466	1206378	1277288983
177466	894723	1277277976
177466	898697	1277147183
177466	1316889	1277120090
177466	894723	1277100749
177466	898697	1276974152
177466	898697	1276947154
177466	808552	1276881134
177466	894723	1276842113
177466	898697	1276803584
177466	922865	1276802843
177466	1058485	1276773533
177466	894723	1276758276
177466	898697	1276709362
177466	1206378	1276686103
177466	894723	1276674964
177466	898697	1276661943
177466	894723	1276588907
177466	898697	1276548618
177466	898697	1276358499
177466	898697	1276286871
177466	894723	1276236908
177466	1206378	1276163889
177466	894723	1276156568
177466	898697	1276105710
177466	1249581	1276099529
177466	894723	1276079651
177466	1206378	1276075067
177466	894723	1276064822
177466	1206378	1275989086
177466	894723	1275982558
177466	898697	1275937437
177466	894723	1275892131
177466	1235094	1275829284
177466	898697	1275773093
177466	1229311	1275755542
177466	1220802	1275650921
177466	894723	1275642838
177466	989883	1275559493
177466	894723	1275545911
177466	898697	1275539521
177466	894723	1275459693
177466	898697	1275453690
177466	1206378	1275385613
177466	894723	1275372270
177466	898697	1275326425
177466	894723	1275291450
177466	898697	1275241992
177466	922865	1275240929
177466	1198190	1275239220
177466	1053707	1275232093
177466	823618	1275221395
177466	898697	1275068697
177466	1182977	1275049832
177466	894723	1275030056
177466	898697	1274991588
177466	894723	1274967508
177466	894723	1274943079
177466	898697	1274824381
177466	898697	1274761241
177466	898697	1274636065
177466	1053707	1274627981
177466	1159645	1274611796
177466	1154174	1274540780
177466	898697	1274382387
177466	894723	1274163257
177466	898697	1274120152
177466	823618	1274028214
177466	898697	1273949595
177466	909051	1273900569
177466	894723	1273817697
177466	898697	1273808702
177466	823618	1273493328
177466	1045888	1273485318
177466	898697	1273467247
177466	1045888	1273417334
177466	1090647	1273413344
177466	898697	1273407295
177466	1004698	1273330426
177466	898697	1273294010
177466	894723	1273219977
177466	898697	1273178940
177466	898697	1272913950
177466	1057371	1272874339
177466	1053707	1272813958
177466	1051956	1272789740
177466	909051	1272784599
177466	1045888	1272726207
177466	823618	1272717862
177466	898697	1272652039
177466	922865	1272651665
177466	894723	1272609334
177466	898697	1272577026
177466	894723	1272522508
177466	898697	1272472984
177466	894723	1272438473
177466	898697	1272401895
177466	898697	1272299740
177466	894723	1272268653
177466	898697	1272195104
177466	1004698	1272122909
177466	998151	1272046910
177466	898697	1272043395
177466	960291	1271515685
177466	951131	1271418915
177466	391771	1271418814
177466	922865	1271010482
177466	909051	1270876086
177466	898697	1270756925
177466	894723	1270711502
181449	1191206	1287340854
181449	1261878	1287328741
181449	913335	1287172087
181449	1261878	1287133096
181449	1261878	1286878335
181449	1261878	1286782994
181449	4056055	1286733640
181449	5227053	1286651790
181449	1191206	1286300160
181449	753812	1286212474
181449	1191206	1286206258
181449	1191206	1285957178
181449	1261878	1285924310
181449	1191206	1285869345
181449	1261878	1285863427
181449	1402157	1285587843
181449	1894299	1285518545
181449	4429611	1285449849
181449	1191206	1285354758
181449	1261878	1285331646
181449	1191206	1285178424
181449	1261878	1285144811
181449	1261878	1285055232
181449	4056055	1284913316
181449	1261878	1284713047
181449	1261878	1284627207
181449	1191206	1284486299
181449	1261878	1284377694
181449	709043	1284051611
181449	2919318	1284034977
181449	1191206	1283964305
181449	1261878	1283945570
181449	1191206	1283537309
181449	1261878	1283526458
181449	1191206	1283272731
181449	1261878	1283246091
181449	1438367	1283190952
181449	2760063	1283186511
181449	1191206	1282847319
181449	1438865	1282837453
181449	1191206	1282756225
181449	979919	1282591995
181449	1590579	1282247950
181449	1191206	1282245574
181449	1894299	1281980937
181449	1702818	1281724495
181449	1183455	1281724141
181449	912446	1281133777
181449	912446	1281119928
181449	1480476	1281022040
181449	1543517	1280700338
181449	1345728	1280696036
181449	1542914	1280692345
181449	1542487	1280688225
181449	1533336	1280590258
181449	1529200	1280520275
181449	1191206	1280510382
181449	1488623	1279905704
181449	1261878	1278694589
181449	1402157	1278524852
181449	1261878	1278493996
