246213	45358
220342	1480
114849	4900
239929	42281
17277	1079
97621	2681
113333	34491
251389	21036
169877	2210
59912	27102
40744	328
80028	37
188369	9770
117002	1892
45127	660
260684	737
228198	1894
251671	237
241489	737
24124	31324
30294	2151
48312	3912
181827	24011
106553	1998
166223	4896
1033	24858
4849	49773
13969	11132
100613	1389
77702	47158
105130	42250
163069	10849
39915	2037
1222	21639
179307	3173
228614	60184
235064	348
230771	6598
125362	2067
21564	737
107405	12693
139100	737
43607	737
44291	2819
5692	3720
107827	140
18799	3720
233135	5889
256174	2217
46557	48772
5397	16896
94970	3578
65266	45317
30460	4514
142187	10905
33179	40740
138487	1197
21256	2222
191799	19101
206527	11907
89154	226
64398	2197
221572	6913
95660	1283
9434	931
219265	371
94718	1724
97008	8828
2189	85
64313	64
6475	29754
69761	366
72686	11076
7472	2136
166208	2657
22101	9202
246380	670
51813	17184
252325	4521
160496	152
3833	34619
122370	30663
227966	9039
140708	32535
113599	52319
3471	32673
162382	3118
31866	2038
248773	6939
49318	32470
246094	14908
86506	30861
2409	29482
57005	1387
256268	35074
116934	343
24897	1053
116183	660
259055	9171
16526	2165
4476	12343
216199	52278
218	7796
13937	8824
29622	1172
39496	4195
71447	2194
40448	45101
145588	746
73707	1285
139055	267
92617	47179
99746	2446
31494	1538
34192	1759
28192	1662
11544	737
13023	23093
218527	2971
99066	5281
62086	737
125567	19101
129613	267
4887	53
185826	2632
24988	15288
89433	737
245354	41137
53379	17540
6833	39757
250037	14501
224690	1215
181646	348
10542	2527
24138	57093
210145	737
112427	208
83984	268
147076	983
197454	3616
56237	2281
94935	1758
158367	924
31378	7706
91026	2281
174888	737
178704	40952
207123	1232
172550	9401
8	5503
67697	24820
174962	59134
47671	11791
61400	4429
220019	1705
80229	2881
143801	8635
117091	2336
195849	817
99763	2447
1276	2995
49451	2267
12111	6963
179593	660
182749	32627
183842	1043
48125	737
150575	22473
160213	1998
110852	737
125606	3164
71374	5744
85839	6175
86861	232
176427	23035
53095	3118
179270	981
157642	5013
36174	660
61698	660
103198	1538
225163	21639
39087	5021
4789	46081
129760	4894
11986	2527
241761	2457
249824	2581
58103	8085
2733	3553
79170	7699
194639	828
52196	363
809	9516
56834	737
236837	1767
53615	4657
220778	178
120408	43609
4041	12363
169374	3419
211351	19101
119573	7549
203877	44122
21164	737
145085	8277
126225	981
222374	1494
11494	4795
7801	36981
218561	804
87203	982
79182	1880
7443	7549
148360	29023
35310	5439
141638	737
210324	48183
118655	352
68695	24820
127978	660
122378	140
225549	1079
136145	57025
20347	1524
25762	25943
228572	737
34734	21639
145040	737
4401	7416
52557	5909
15731	1387
39505	4981
127344	11357
239552	737
94748	42483
115786	2527
251464	14955
48272	23768
10636	24820
100985	20567
86806	737
72876	737
57370	22932
235067	5285
27407	42151
238124	6913
78699	57470
24280	1705
196607	54850
59345	5221
56483	56802
37137	737
195848	1194
106544	10317
245816	2564
65448	2527
46485	1779
77357	31591
111112	2626
199015	4512
172001	924
120313	899
151723	46
42258	1196
89410	1221
54809	2580
30300	1079
16305	367
199635	26998
23328	1486
2448	3181
184011	38181
135960	40548
91510	746
100068	6165
17919	2228
5102	5351
14623	1223
153744	55283
143770	1466
25604	1929
67041	3320
117256	4038
191282	47064
41502	1045
74971	38248
58504	652
62939	48526
257807	29747
65268	29481
3034	1677
74358	983
197444	37349
13399	668
252590	1369
231451	39928
45480	1143
38879	33413
3261	5592
67022	3962
249891	11447
233973	927
106254	5223
193054	26897
142180	1770
172595	46691
187061	29385
77272	6117
110056	1990
2248	737
259568	8147
158220	1710
33276	2761
32929	33270
9888	3426
15333	22831
49060	327
256285	1147
167875	2096
9661	107
79723	41011
240869	737
237261	1899
90416	46769
185003	737
149102	1286
15663	31226
4033	982
184118	1079
50899	23465
12646	29938
237441	737
237761	4497
27065	669
69376	2079
39782	55087
107458	1482
174282	1153
12173	737
62342	26177
243621	27853
37502	11946
261712	2493
28394	6018
2728	5998
20648	1857
146165	6221
148042	42902
11134	367
170761	1719
147740	1769
15945	3553
206250	3651
61960	851
119681	8819
184384	2220
85845	28837
10632	4414
211180	53989
14256	30009
12039	1677
94125	50672
230897	1262
118521	7044
252513	53615
62028	355
117342	1581
53406	37593
218080	52118
13818	1383
63633	1515
16123	39365
5575	2009
225720	2527
190261	3466
57039	2434
108682	1034
207205	20567
54808	2171
53029	3417
95947	7549
94047	40952
259916	1524
159726	357
212118	6133
168359	9612
256909	120
64800	31405
124152	1705
7502	737
94934	367
19677	1993
198603	29385
154689	34014
12021	3298
219067	2333
182134	54171
164009	1911
65467	52319
196836	1173
5213	8888
33746	56916
5523	367
250403	7792
67725	4223
24649	23412
163774	1043
53543	1369
122284	1114
106264	222
102361	42451
132355	2527
66208	1152
144698	4153
57885	782
54854	7684
197222	737
40698	1079
172386	40740
186695	141
220472	22843
13381	2384
67536	2075
115444	2891
142195	959
176400	2163
59441	11288
180015	49011
84213	3455
31926	57163
27956	45317
61969	737
157116	24858
176557	3255
98933	3148
256058	2037
177384	1473
25139	40212
98757	1981
264137	1082
215731	4521
122232	5325
169893	3930
13390	204
7911	29385
114544	56926
177041	2629
239376	6348
45958	737
228183	42472
168903	3567
164654	55788
64466	2240
261147	11531
9167	10728
215220	2120
22553	737
32979	851
256068	340
150034	1355
178321	930
24205	39149
218670	2333
126965	45317
77061	5979
255333	29152
69681	6165
184170	2267
15672	1834
44760	3893
75104	353
213840	56889
23872	365
11352	27010
252660	36735
222898	49079
121396	34133
158960	51007
35554	871
77718	5503
89245	8134
250877	2527
32231	8053
237247	5508
7135	13934
97005	8053
35974	24531
230825	3173
63488	2256
25729	737
259364	6621
166519	35560
238404	737
39542	39239
150252	2034
183948	2213
165709	7372
228164	1466
65312	746
84847	1489
88442	8069
194346	5870
252260	1217
135802	7120
112021	9612
81819	737
244409	1710
49203	737
224383	1845
210670	60918
152418	40952
25049	6165
158358	46102
199235	12511
259540	4982
159745	6996
84068	30269
196410	737
166090	46
224296	1291
232360	53989
77958	737
44397	1054
113726	24367
71736	8831
99170	8913
152686	51605
245686	737
3343	31511
141799	3531
164182	27638
135990	7051
194572	3153
55090	225
47002	8757
234542	3455
1633	4636
73671	2632
226172	44295
245072	327
264679	9917
136011	58685
23525	60769
196890	1369
231187	29385
80335	1195
166050	4141
62676	1286
23495	9251
252982	737
40353	2434
184868	27962
191318	4277
40136	1771
175033	2691
108887	41800
65799	1259
38487	21639
23873	9039
59776	2136
42011	660
49163	23345
2364	24711
132642	737
188286	3127
228551	40848
88179	55164
106660	4795
129716	41315
115685	2173
214549	40221
227976	737
204816	52118
115830	5979
80957	1129
104019	2632
1821	1767
259906	39962
175793	48924
154983	737
240288	674
54392	1036
126717	7914
230842	1621
76529	34902
53634	1215
140285	1545
27387	660
36349	44751
111345	3921
29025	3265
251164	10068
85017	2682
66644	12320
184900	58614
181518	1196
17495	1140
184023	5800
218052	27932
58701	44424
35695	2144
185624	1757
55183	44408
79556	9039
65006	4404
220350	363
215594	1217
246990	737
259209	363
147032	2462
151012	2924
4599	4779
33418	9972
517	29481
143292	24937
202143	16452
237739	29385
156446	4080
128501	8796
60396	737
32588	2171
111537	33420
72204	5508
251782	1389
235520	152
143710	737
75149	1179
32312	43357
32781	35
143942	1710
85797	55235
88248	34343
98963	48093
122274	1662
13536	2505
50182	25785
59189	12374
59699	3066
22343	22465
222259	3444
72468	9344
70136	737
264253	737
263522	1248
51357	9039
238296	25440
2585	4580
156142	1737
196646	3003
167917	1459
564	2009
241439	1998
231144	11497
40457	737
2899	42151
81709	1705
12313	36856
207503	2900
166947	2457
17372	737
228671	651
50805	18868
74154	1592
61421	2172
72707	3259
58339	737
47301	18329
122929	57569
250495	737
15773	2335
251731	2412
117257	737
263798	1250
42514	5210
113662	8463
97682	3401
231942	37294
28981	1969
212234	55856
43748	17254
69522	1705
227426	2935
76490	2248
256119	7547
212283	661
155321	1786
253464	8176
32090	21873
10031	2925
207308	32922
128369	48924
89219	337
155280	45000
60259	40027
75943	57325
217833	45572
244475	10964
220186	2819
27584	24820
80768	1713
78563	2516
30660	1728
196261	20489
16400	52180
154755	57470
49346	1011
117159	367
168348	1705
106884	10498
2187	36243
35702	1705
27913	9761
63531	46102
215176	3955
173757	681
213630	24367
253364	26998
259048	96
235679	39671
159376	28227
143775	737
191653	1573
1358	737
147049	2527
14223	12354
115792	737
28412	17415
39470	32040
201078	8463
91175	927
256686	42483
259891	27
35021	47294
52438	2836
116962	23795
94720	2632
27727	3604
83472	1682
22374	4208
168346	2940
197457	1786
130990	27756
227556	27102
37929	796
166025	981
187260	4402
90121	8454
24165	737
150280	6165
190338	331
128977	814
89504	24585
54363	1131
22234	1554
147190	11371
92044	737
11322	737
49956	365
135301	2663
257818	719
28251	18686
119947	2580
248853	12112
67810	39320
153384	737
132201	2037
81667	11099
215098	3555
245064	47410
76330	39792
231985	32192
67283	3173
200642	1250
160394	29152
38839	28832
41953	1054
23993	3985
95707	56396
12238	737
66760	37915
149007	2584
52283	4404
168106	21867
154290	344
108896	18367
209410	4497
184670	1999
185863	30003
34824	1209
45779	1536
213471	49773
156520	1584
237747	1489
7098	28250
175494	6165
98956	45732
95233	36213
230704	1112
178861	319
164229	11626
99502	7679
75196	6371
32006	47361
227402	1281
130356	18423
134764	25671
102891	69
5266	1264
33003	1425
117064	2971
246418	4229
188771	29385
177469	660
185882	27646
4618	37094
31995	35348
235692	3438
112599	737
69372	1396
5585	5533
14798	13102
134016	7940
140436	2034
57307	46992
28474	37845
98617	2844
256144	8077
36384	24820
55	24136
249271	3237
188644	45558
128426	50487
99985	1291
81017	11544
28459	1999
254296	7549
25966	4048
29848	36608
164326	42393
96090	38332
142020	18886
87026	2527
107604	7165
251657	737
126400	8097
202063	38181
148641	7915
227924	5013
48905	1929
9432	1250
3135	2628
172654	2527
126485	10247
130522	2527
87869	37761
252380	1043
81479	49
47551	2527
97828	8675
130805	1079
9787	6165
20258	2267
13497	23412
248627	7906
85867	27929
127905	38054
199029	737
209230	8085
203985	33413
246639	1496
147002	1343
158264	934
146708	6882
162422	57148
177035	117
69161	737
131318	4357
220386	1283
25111	2632
149538	2242
23181	1705
99973	1642
234210	357
263479	367
67253	4418
174783	275
55765	49250
104219	41800
171140	708
174584	1767
31385	9024
31493	20567
154628	114
31850	2522
147330	737
57506	1221
118879	39560
22262	1538
58867	19320
19905	3655
83145	15988
33428	654
11930	37761
163358	2229
196219	9384
53148	366
245085	1705
151460	56909
89260	24820
181610	32192
119727	7442
76307	211
40965	737
219043	44016
13743	26553
240259	55030
244739	48533
204908	2457
114638	13464
95021	48924
168382	46102
128151	38901
113894	47283
37296	46081
127373	4795
77329	737
146498	1093
139762	1684
164482	4309
193611	40405
11359	8463
259353	237
264196	3332
167914	4013
84028	3200
130502	1233
134562	42250
210456	2168
57846	737
45355	735
64103	6165
143796	3549
94686	737
5834	10959
159693	670
134319	13747
72085	737
46402	1979
162385	159
63140	24494
183776	24367
137450	5179
4336	29063
28170	2632
245297	12526
181795	20567
4632	9999
118723	39695
79557	5578
70157	1282
139632	14732
8614	16682
259515	737
30207	1716
217212	46185
255939	737
15173	7549
87356	3955
16286	33171
196917	1496
87062	30009
121201	7373
81880	2761
155396	48746
174669	1213
76309	46571
162153	2632
123673	6755
57881	8938
114555	2263
248698	58170
73003	22088
174646	1703
210196	804
193154	1660
69525	652
57972	1170
122910	737
90360	52293
55514	59849
137867	3720
166212	2632
95867	55002
237257	1826
253585	367
58359	43684
112095	5104
201946	737
21029	1536
178167	1873
206155	2972
260273	1101
1962	2420
127954	52293
103240	1286
123765	1237
180073	54451
263505	2924
248923	1082
244770	827
48534	54451
193326	737
104678	19101
186567	2434
109092	57285
220759	5717
86809	38549
119979	7099
2027	31511
122707	23795
218743	2457
156285	33413
123062	1014
81788	6946
152370	1346
110051	46097
9821	2145
27575	7915
237958	737
129620	1746
119638	42811
66568	737
175114	4935
137451	3455
189929	4136
184465	11993
150522	1920
108580	6062
164188	4988
75669	737
181046	54934
164206	2097
65793	1662
8324	12343
22735	351
101785	737
238065	718
150616	10001
32711	30796
144942	4286
27409	2177
218013	22186
246162	737
168153	1326
238491	28002
114840	131
264200	660
172299	3616
190695	44597
91005	1163
135814	6250
231817	1197
26538	5592
103022	17504
10475	1099
32954	27792
1083	13552
110242	28541
89432	737
121200	53167
74950	4309
15714	7549
237273	18868
183557	737
47736	737
7303	8031
123837	737
6494	46159
42239	2267
261681	28156
263840	1927
66051	47158
103852	13767
153141	4348
47611	15587
161656	10263
99031	1036
151834	1677
54184	871
150837	2462
213025	3125
255078	3298
63249	7211
24978	53306
64151	737
223583	19636
40360	2103
229801	39239
7254	15619
224402	54031
191296	5950
196344	220
18738	30806
92819	59254
146205	737
158338	14694
117507	992
69734	1634
253716	3752
151633	737
89250	29481
54397	2527
8643	3419
233483	52278
228318	6372
56588	14501
227366	4106
168882	6348
175276	51387
259006	37349
71502	2412
106226	12621
157692	8894
81302	1223
8977	21867
159588	1943
34266	19153
35121	1885
161571	1043
126458	43230
125624	36920
34143	19135
119953	11000
249719	182
21785	2451
145733	5029
146641	52600
249683	11671
91578	790
179299	37577
42251	41007
181317	4540
13516	814
82953	1170
49980	737
72527	1990
221103	12698
6849	36650
21342	31664
63655	10479
119006	3265
131372	1480
257795	1767
188190	2037
19498	737
161162	25
30514	12320
122794	57470
110100	3150
7398	1660
35559	13670
77080	2478
14787	3026
102407	40548
160593	185
97590	74
188585	1424
49798	24820
170190	737
263946	23101
179122	53074
104589	9479
63702	10203
59468	49704
122548	7549
46259	371
129408	1981
31756	24077
170535	53861
181546	6641
158058	2652
24787	4454
153931	19101
68415	3905
221782	2527
191948	363
72806	44531
57856	1742
133373	1473
166388	1082
240570	4894
257355	1602
170553	8085
40955	56949
186349	2549
256177	1437
21327	1414
249301	9375
57109	54451
202122	31405
14538	1894
168547	237
84001	96
45410	29385
101010	5635
160175	21284
128802	39320
67261	40071
117020	1538
109197	3466
137180	2434
203250	24367
135710	737
161558	50510
16570	737
199333	1082
83150	20
248323	53615
143940	737
260864	114
91246	1165
127947	1369
175275	2538
130835	737
211530	53105
26977	1914
177000	37838
107048	737
105005	1784
164213	1564
98350	42151
163941	1524
254397	21805
116285	30796
162610	737
120106	1739
84561	737
18439	1705
219005	55819
255602	2505
7065	737
238061	1154
37435	20567
101289	981
121540	18227
241830	2967
129358	60627
207367	1064
17169	29385
8938	25601
14362	351
75081	27792
246234	39406
154502	1158
177196	1248
4329	1215
163820	4879
34950	737
145439	1162
75076	718
98409	1079
160964	56923
208573	55259
188934	4072
242026	354
260784	5677
137139	795
219156	1128
213299	365
95110	1447
261299	1015
126951	16682
30743	3970
62948	59402
158329	737
119201	737
183084	1389
259064	1079
216449	28731
133748	2527
42331	20826
54926	2527
210198	7485
154524	2307
48880	20567
228024	1981
46411	1767
235001	1284
85840	7179
68970	5351
25146	1186
84232	983
137381	337
122250	39382
124689	9321
49740	27853
239081	15346
20112	4495
140582	272
196503	14318
131121	31405
52090	660
122649	367
126867	59334
254498	2514
129551	737
91136	46102
238127	737
118226	6305
137342	737
159734	4829
28499	21867
70659	207
184893	29240
75667	2177
263818	2739
62016	4440
129007	24820
228117	1496
1505	2136
143279	54831
144989	1890
230808	1588
192180	1950
177405	6250
3444	737
241651	3084
118212	39239
150990	49011
19126	42250
212037	2309
26240	31405
32357	24968
76546	39962
164207	20
215228	1008
109953	45317
165708	981
26374	1908
208588	1767
79252	1250
244168	58226
25938	737
128379	8113
231344	4489
203508	41043
175378	1420
4819	10786
39380	42483
188826	1293
143411	737
68421	53839
140019	33114
78409	5778
72748	3493
132267	737
12099	24958
34413	14908
32227	22347
162149	737
169896	3984
147072	24820
194804	2527
10590	15137
113327	8335
249206	1039
143950	22261
259880	824
52031	1286
248629	15202
15940	45537
206459	1342
60806	367
3558	1402
51492	2581
84174	737
155894	8463
209877	2582
132446	38476
141012	1094
168943	13670
65984	1043
58288	2764
2648	4437
117239	120
136308	60536
91343	1981
103135	25842
261852	43
252402	367
252820	1115
78720	1485
184005	674
231640	2527
117395	3455
29430	1573
137359	195
27159	2148
101844	9241
137044	28825
192059	56393
59750	1092
9671	2367
256136	3173
88551	3688
153585	1398
216377	1079
64235	57128
5324	2516
226489	152
14071	4595
52688	47629
117651	3478
31979	2037
228686	6306
137331	11177
108805	362
189074	5592
215163	737
177401	737
63261	737
40358	2335
56669	737
148786	2457
58850	21867
234667	24190
66614	8393
28443	737
60851	2387
254008	737
236560	737
203328	2142
253240	1496
193028	27234
152522	43955
220180	1766
157345	4483
60679	1710
162989	737
201110	26668
168924	1615
17037	19101
13674	6250
72392	737
20696	18412
42855	24792
229584	30655
122602	44304
63625	1472
14703	33579
69502	18868
204726	1527
245496	34132
215727	16404
264000	42151
185833	3133
205257	31697
76557	737
255752	196
90949	3181
80662	31324
121220	651
146686	20874
41611	4795
9659	4896
231492	10065
148576	16577
50355	31405
145706	2995
35450	7677
231534	1034
98702	32926
137060	195
122993	5737
61863	5404
127970	737
46498	737
61275	8824
19979	15561
183613	1998
92570	5765
71695	5592
110886	33218
84432	7099
252313	8085
191878	737
158521	737
96903	8097
26066	2707
234510	137
222178	1911
56018	1367
245373	737
92388	37878
236225	1151
143344	737
26438	7549
113469	737
230004	20447
167263	1997
367	3944
140364	7338
174751	40590
163981	737
196758	145
64302	1769
166114	834
205231	47843
251498	737
93778	3458
205513	31405
202349	7818
26166	7680
81569	1196
237695	1710
19062	1998
24979	2323
188292	28672
138860	899
54097	2412
53587	58883
252833	1053
16959	51327
146167	1318
11434	1993
160523	2652
217239	737
117192	737
747	4712
132240	737
75170	11500
127968	737
4494	12778
5557	50255
216361	131
56563	1766
445	1943
131216	3720
48912	3688
236689	214
96711	737
163570	1237
50908	4528
40963	737
167658	25440
9230	17868
39517	1791
184238	3985
81844	1281
125730	1705
17778	25620
61840	60769
141668	737
45297	1710
6139	660
130851	2405
249752	12109
182056	29396
34139	2259
122323	367
120072	29385
162926	16357
158277	2781
99011	226
264082	35074
158880	39288
34391	21867
198429	737
263498	55002
178761	4615
193805	2434
259918	1240
156307	7677
221599	697
189143	8890
199971	38248
12821	21036
15009	29063
190171	737
52667	29481
81172	1775
224172	1209
175265	31405
63626	26966
8366	1473
264969	39149
236362	30477
151260	2527
65245	2527
96896	20428
33238	737
181604	8085
117259	1043
27335	23465
7886	660
109971	3595
166064	38586
64956	668
222843	2580
107679	23509
188157	3147
20140	3272
31856	41800
152117	42267
88795	50743
215193	21509
154799	20795
67266	24367
141639	2516
58976	1043
230761	3688
248358	737
20704	10479
116748	35074
219659	1627
5739	41719
130801	31405
34500	39514
77215	3409
18554	188
52198	43230
69638	924
185898	2095
186875	3085
49979	1082
238034	814
20045	3068
256408	2217
114892	8885
170131	737
109119	1449
105608	737
26102	366
166520	1616
73807	737
62653	48526
239138	737
152254	1554
40402	737
233993	7706
103907	6165
62093	1034
86779	1283
190122	2812
6797	39020
209345	1684
48983	60707
117261	2172
8657	1512
133747	53105
111304	42725
162509	24820
89369	6165
174348	12084
138861	32040
135376	40685
237236	6720
121189	2807
60256	2967
212833	2761
85048	10480
178805	1197
5965	9626
112314	27690
201881	3107
183483	2769
39213	1196
210156	83
53013	1584
162267	1109
238430	737
148838	2438
222106	6287
254699	32650
23598	42151
48175	11023
61328	1496
104282	60542
222646	39279
154658	2173
61027	1994
263436	48535
190576	2899
133935	38
118079	16648
195810	35074
148626	367
174216	16989
164697	20447
210020	737
69267	8085
20754	1710
174610	28956
207166	1443
154525	4471
126838	1197
143459	2745
111149	28456
4716	1420
5618	4027
135365	9753
126671	737
90258	32750
9451	3336
235178	98
2892	2510
172681	6348
149579	737
263782	56192
49292	660
185783	737
209743	2527
83408	2527
6253	1463
123978	9055
52072	1170
255551	1043
134013	5979
239569	299
118722	12429
77897	33413
96157	3912
153986	6372
13247	6840
220078	34619
27133	1011
16170	737
234731	58614
225177	824
120296	737
50122	1043
160261	2527
128519	737
134253	1221
61467	737
166422	24820
143803	2256
25077	50860
17547	42456
148634	5746
219025	57491
82654	2709
182477	1775
73810	1662
40637	4396
213318	5437
195344	8832
209606	657
166239	23412
244	37760
165808	10752
200867	11993
204717	50160
38674	8915
147755	32926
152761	1129
209899	2405
143393	2457
254002	53969
71193	2810
107907	2580
238350	48228
178262	1737
58404	737
22503	19320
234683	737
132218	1265
60295	3172
39447	42936
53876	4207
191823	4779
36624	1082
234468	1389
55950	3385
2817	5592
81512	34650
264710	737
263742	47605
189040	2527
230830	41033
72879	29971
240949	1536
188875	737
30841	4471
263168	34390
81753	42811
259881	13319
93708	3118
224294	6621
60143	1002
6405	6165
143948	737
12344	8824
254068	3940
129547	51767
1341	1369
156303	367
164449	14076
41057	2462
31078	16682
160748	1361
133305	1019
241990	74
47206	2935
44257	34278
174349	1705
12942	737
72774	32511
22742	7634
42255	1281
256137	31425
257422	11371
27802	4457
241539	52857
264313	27405
193173	1082
30012	2263
33901	345
221164	2749
201284	13869
57322	737
29404	40809
95611	1710
265557	737
226089	737
211501	20489
95643	737
43499	1250
28999	24820
226262	3471
58890	4779
180622	24775
252064	737
247441	19912
181073	1935
203947	33309
131655	59134
14520	31511
67160	7099
264772	29994
11123	737
231092	32527
263009	737
199480	20489
162114	232
156421	21509
256401	21867
178879	2405
182405	737
19755	1286
150573	797
93684	37242
131612	25944
9721	10905
178297	935
211805	40685
217244	4103
244138	18256
160344	737
262218	737
153176	3826
200154	222
23212	32058
82540	19912
31901	24334
159884	737
201591	1737
83106	29385
136985	737
92826	737
87816	737
140034	737
137826	36608
172694	36604
151830	1217
137441	2527
96811	22088
161730	44348
81607	367
653	36608
201523	3381
164609	6165
144940	2527
32679	737
103918	30477
240680	1537
38038	42902
83221	2405
53900	868
187328	36405
245043	54379
68893	7712
80863	15639
246593	1151
245572	13747
222692	1305
12463	1768
73553	3720
72724	737
194616	1409
205381	737
249732	1705
74925	737
53023	3901
119972	2241
245218	11607
83637	2457
107731	737
105057	6165
145104	3083
207290	52278
241769	27465
36871	2367
214680	20826
145815	26998
239397	1377
213432	8085
255736	50857
142501	1786
80225	2527
129739	7533
91177	3061
214895	24367
122629	7549
15320	312
48481	1250
119175	48918
102117	737
26423	982
196784	1705
142027	44597
85897	367
252382	28825
202018	737
13911	1221
116107	3471
59285	1536
160525	1163
56948	2804
54327	7441
249052	737
117469	1643
126972	14694
255874	7551
57136	50255
206437	737
97953	31097
146281	737
181976	46185
163713	1466
193580	8078
97271	28956
125875	1286
122720	24820
251623	3255
177126	737
115977	1572
68694	2194
174853	737
86883	20489
68936	54451
212330	50860
98069	1758
105871	24820
228749	42281
246526	3657
202177	3985
234846	3083
75064	737
103294	57108
121283	1079
75674	14635
79245	38403
34916	1998
15859	669
249304	3268
59922	3970
160553	737
202293	60918
89168	1389
173427	51137
102012	1079
34574	27027
102644	33413
97327	737
36790	24958
11244	22359
69153	2804
81510	2527
46132	26998
115842	1758
119777	13953
218935	31064
166957	737
132710	1588
178037	1118
23961	22963
40138	44165
89715	737
217177	1480
68291	737
124041	2437
126556	9251
28803	1101
9708	1643
129352	737
9638	3425
11017	4988
219101	1766
217383	59520
11482	2716
33011	214
194153	10965
42661	4795
133066	46474
30936	41463
263089	42250
106800	25581
9223	5110
151493	47800
101019	2709
9883	999
85074	47410
81699	8885
90481	7896
104124	367
22496	57025
194110	44531
54391	1763
69410	2148
137503	24820
240694	737
7742	2386
141776	49011
62393	737
221174	24820
16838	3064
229312	4795
37304	21625
31920	660
12779	37212
175862	1705
16815	46185
260074	56852
149096	50255
63650	36741
138228	58442
126707	33171
204094	3084
23819	3455
215566	737
74976	50860
57386	2267
110588	8608
126714	53105
54218	1315
234108	737
145572	696
95012	39382
197362	2268
241354	2671
253096	1441
100816	981
20641	22611
111157	42841
154375	12012
48171	1705
38301	3983
8579	1308
196375	14908
46682	1079
176841	1716
168877	6250
99666	1082
33052	9371
152693	1082
204772	1809
225639	7549
234826	737
185842	1769
26034	737
81085	50259
190033	1581
145004	7699
43615	737
221692	5232
100703	737
51601	4745
196380	737
204940	2420
26237	19912
145112	5191
225076	2527
162119	1019
155992	367
238870	1705
71120	660
29159	5592
86450	33
134126	6348
242786	4795
88670	5592
130291	2229
19237	4690
121461	4185
241387	2210
61463	41809
64714	737
114860	6350
185769	737
221093	48875
43369	24820
168540	8272
109791	9569
225091	651
24894	737
168256	1819
21113	22088
168354	12646
136014	1255
215576	6845
232262	737
236698	57426
191405	737
94918	9467
40937	4785
72101	23345
39141	660
216698	24820
30031	4896
39327	1536
202553	2412
213072	1023
170541	3610
147232	737
151221	1900
246180	3770
212027	737
231203	737
29641	2527
241754	100
21356	737
107433	21867
43898	737
38550	6372
160186	4497
252192	737
562	737
10252	3029
4684	4471
59414	41398
235389	50743
122363	12411
256074	3133
80737	13284
104204	737
248687	660
2345	4402
154995	737
131170	7099
181775	195
108000	815
120996	1369
159415	5649
142602	46769
199463	44531
228590	25491
132942	2957
25082	1079
137204	1512
18724	737
49556	2876
240327	354
47999	26966
74458	8866
78721	737
18190	14908
253548	37728
72019	737
56781	3821
22303	55235
31580	1845
57654	7179
196575	737
10824	2924
224374	6348
102807	33
37116	3426
43606	1784
29181	1969
84026	8266
248183	1766
75595	4856
48515	737
164969	3949
33412	3864
51808	22831
156255	4514
69674	29385
1605	1496
162661	8351
168262	5592
209473	737
177131	35126
125719	2935
22552	30945
264551	163
74384	737
229272	860
41394	15561
56927	50255
201508	109
174767	1217
60501	1281
129734	1768
93679	1242
217976	10274
76547	1396
256632	11134
90264	737
74153	8402
222518	10891
209716	29385
63629	30796
77946	737
162315	737
79946	733
233683	13360
35855	1287
255238	44531
119817	660
123946	1758
247964	120
20250	1043
163643	21639
125122	2131
8924	37094
61137	12144
22890	226
186179	267
16615	367
161824	1569
1814	24958
109055	26194
10601	367
101754	20567
24430	367
12066	24820
216189	1705
157911	2527
128228	2632
117003	32038
224031	2457
153456	737
187319	737
72223	3045
31315	8819
131186	1579
263299	1036
52134	18412
256716	15975
125925	24367
32510	53
42593	2945
263729	34619
90251	24136
82027	1389
196627	737
42249	24958
209745	45358
129119	14336
10821	42151
121308	3396
10657	1522
57049	737
98332	4182
186579	30252
151623	4304
23032	3328
58573	56702
113513	2194
245214	21639
96599	3200
111055	2995
52028	737
193230	737
194387	6047
106773	9710
5336	1920
115853	737
224683	737
122557	3332
64299	737
158139	1473
244369	27792
260396	24820
49192	1079
140433	7677
179649	4751
92360	31097
181018	1079
120093	7646
77863	737
154549	32027
79307	834
56897	4098
103130	45173
119990	1512
60421	1705
64939	2780
179302	9125
175295	10479
218199	17299
9759	26006
224415	1389
3099	27792
168549	4022
161998	674
284	5302
154581	6557
161961	1914
260292	40952
228444	29063
143793	1014
15501	981
60144	3200
42569	34615
225221	1152
145778	1767
186000	41800
30481	2260
181309	737
207635	4856
209387	737
183437	29385
198564	1496
10397	737
77991	737
135808	2645
62959	660
148551	1043
253817	2580
225056	44531
193828	737
209507	1705
244683	1369
245753	11738
98615	57148
21115	10786
114470	19320
253374	7025
54102	33413
11137	37572
64065	4982
215079	18850
36094	2596
86668	1015
21303	59134
122569	37495
162368	1775
123172	5786
148541	28
87745	30663
14803	1766
16157	29022
251525	7677
216122	737
165020	6221
115759	3196
231389	1728
260995	54665
105699	24
198410	660
229068	42483
201214	3720
164460	2405
49324	737
260503	737
57051	26483
18671	47843
166263	737
230813	899
126539	737
7449	982
137635	737
238207	366
47179	1605
60073	737
105454	24711
113255	11182
224943	5351
225754	660
104915	737
237759	40833
105563	737
253498	737
42275	2887
81864	737
175067	54092
143746	669
256229	3688
55802	18868
136419	5578
212327	737
30707	737
216494	47629
189913	3487
61279	24820
6277	1536
116502	36397
49139	17415
97179	31405
47124	2819
2667	4141
142708	33413
234598	43821
39224	52520
73547	49588
3749	328
118549	19101
164977	18886
124057	737
233957	1043
222606	737
108947	689
187403	3084
48990	4497
164525	30488
149001	660
132602	96
120421	1705
25411	824
34836	1043
82592	2527
85067	40952
264117	1784
226426	8558
137080	1662
253137	7099
75055	10479
165927	2580
132606	737
38073	1596
4988	4000
188591	737
244540	1043
216787	1880
256519	237
57954	2232
23355	1483
196260	2457
97819	39962
73308	1561
9908	53529
116517	33420
62176	737
135780	737
60694	345
8365	1834
132764	737
183762	1351
245371	29964
7425	1878
6895	20
100225	3135
174225	2580
114476	29775
87559	8085
196633	27039
209886	96
108315	737
125107	126
84872	737
128524	737
24874	1809
186572	1152
246408	16358
91255	7641
181441	737
209321	2104
105285	7991
36227	20
177224	33583
43330	7991
184119	1994
22962	47800
63739	40685
143318	2425
100707	23292
245497	737
3982	737
132296	1299
105414	722
134264	1575
176580	7872
92417	3616
155758	1151
52526	1079
195875	992
216081	9114
221813	42483
26951	1286
262832	28227
188384	1286
58474	737
143634	1082
253835	1147
151328	33189
206585	24820
73856	2237
151904	46159
98859	737
72999	2527
230838	737
25555	737
247958	1389
186782	746
228360	3720
249525	35505
34968	26485
106561	21867
58341	737
163310	9814
58601	8113
215756	8761
173888	37094
234058	24820
217993	3332
119999	737
57119	737
63185	11993
13919	4130
237336	27465
43561	737
69258	737
177308	162
83498	2146
18596	1082
105337	7441
207579	36735
61529	19757
42989	1767
144049	1398
27355	737
204495	6908
223464	1286
34177	8061
253734	48081
201799	120
99273	5013
87392	95
215132	3083
2052	24775
9387	29621
224957	13102
118746	1754
150596	1209
204204	40469
92016	1152
61848	2262
102099	4540
189475	737
42000	2412
221885	737
78481	737
145245	2412
106492	737
237251	2229
238466	30945
39222	30477
231387	737
45049	45537
157028	4013
138768	1612
67358	737
67294	924
56270	53527
9729	737
42010	15587
248148	46353
71429	42483
231170	7887
174344	10666
83152	24775
140759	13464
2197	1994
169320	23584
233953	737
100010	200
34014	1685
160341	29385
52219	20
31883	737
108655	6996
241167	9251
136219	1473
94383	2527
73189	6621
105284	42483
29310	3087
192021	1929
147183	3438
114550	660
42968	9165
82220	3181
81672	24549
216090	45298
255265	737
108168	12144
3949	1389
241267	1558
189144	5351
17633	1221
88222	5592
187542	46273
77753	14279
25725	1950
6579	42419
43961	24820
63653	737
131033	3912
203927	191
48277	1011
111451	44531
99725	42483
120120	5222
147331	1576
252326	737
264888	9020
233936	3265
163053	1705
128442	8913
185730	4136
247121	4497
256725	737
130845	737
149169	737
165840	195
83688	1522
28522	1036
252248	4106
255921	24820
70566	25284
154936	737
245629	9981
147185	737
213173	737
143750	2716
210395	27405
111182	858
55393	1769
48807	2242
32685	24820
37633	363
262395	53591
229104	5639
170345	13508
138801	35662
32744	20386
123349	3426
155655	853
181677	20
33760	50255
93004	21867
64928	44531
226784	737
158206	4130
76139	29807
215889	6299
114811	1196
11277	737
218827	737
114947	2527
181549	1379
195781	7099
5073	6161
8336	737
104384	37550
116020	22831
215960	51811
222385	47796
77895	2914
5101	25724
105446	2527
18475	1807
19698	1082
87627	19101
75823	737
174266	1221
77720	50610
177536	737
36463	4696
103893	982
179278	2653
250677	59123
18008	737
172383	53105
264130	6557
213077	737
61343	2333
86253	3210
126744	931
52186	24820
110192	60769
126779	28124
182943	2671
141832	6452
193984	1554
164126	737
46732	2631
73743	4208
163628	1576
228445	3985
93221	737
199862	2369
127965	1015
136485	737
185197	737
29657	4437
148396	365
121012	12527
66668	166
18834	24820
168472	1286
99042	26897
56797	1999
122978	737
4722	19573
47577	660
35441	40685
121443	1398
80330	737
233691	1537
152483	837
57383	6262
38542	21347
137582	737
124185	737
205440	36981
62435	1147
116135	35909
135370	28115
180765	737
159770	1722
114880	737
195770	1129
71017	3200
6546	2012
122538	2709
188028	737
136857	37838
27906	34650
9383	4840
207108	26135
111520	737
157746	1473
44581	660
263705	2967
46180	737
215037	1196
252024	1473
3830	1771
68276	1178
182184	737
15861	5446
45590	737
164621	737
176634	44531
234545	2309
80441	43996
208069	8894
108590	737
133254	1079
129924	4894
29218	12385
133818	737
256084	737
66636	36848
167035	2248
206559	48392
98717	39979
76300	16682
201527	28825
204229	7658
143927	5469
201928	44165
139050	1588
206448	2761
132217	23345
183567	737
27614	2200
43410	737
16575	55926
230785	1784
125724	21470
122483	9251
237477	44531
262757	21867
219147	367
132171	1512
252708	1079
147201	1369
88693	10901
107470	6013
79676	1286
158612	1221
249982	1996
201769	2229
184706	7379
41427	2158
86757	3772
44592	10152
116458	4573
63745	29385
204711	22958
127800	24820
156798	37242
13808	1114
99945	26791
218692	44408
135329	737
165747	2009
147198	30943
11845	660
186528	29063
151463	18886
17148	1015
13317	2459
91912	5889
204349	2060
245446	737
216260	737
227353	28825
254642	1508
170192	28344
222345	40685
147768	59077
77335	20
205450	1473
168520	1019
206858	737
265343	737
41774	2716
213103	12320
257158	737
13301	2881
251855	2434
981	737
132583	6882
264310	847
18317	3181
95840	737
70206	1034
229062	42483
66382	13464
217278	3433
263310	737
22755	4806
115686	44230
116060	3593
212579	1441
212325	2549
203314	670
185828	2500
39845	5104
3594	1809
68941	692
154624	8436
50787	737
110523	2173
63184	226
114364	42902
117059	1981
79839	2650
24348	737
172727	2412
191472	1165
28601	10891
241771	57917
20538	29965
36374	49011
133731	24820
276	203
196070	737
156780	2367
9886	1766
50483	49588
119634	1196
112251	8463
117738	737
264609	4540
53867	5592
3025	5592
234358	67
69292	737
73685	667
8786	737
105755	51780
179514	46081
211550	2924
207467	37495
145485	4547
236498	51119
8568	5649
143766	20
20413	39084
15293	58491
1295	6961
153082	20
241722	737
113282	362
5636	1662
23851	737
205012	1043
128347	7549
29824	367
183499	39671
226456	57055
230744	737
32764	2527
4414	24820
150671	2306
113232	9176
177205	57569
141656	36741
265950	39979
194120	21867
142169	737
86530	29481
235079	2229
181472	660
47260	1710
104139	4185
184404	4998
201762	3181
62394	737
6329	737
77754	737
85269	50459
58557	1079
127983	9039
252044	367
37111	59693
228111	6165
73479	669
229403	33413
19253	1368
234088	3083
179213	1705
53453	49661
101809	737
13968	7991
186164	39239
48556	737
228033	1043
74932	1280
224939	34619
68040	367
135296	3064
29568	60111
145288	37094
237706	31691
165847	2881
219715	20567
238386	1755
14677	59363
150701	3740
172832	4497
145421	737
13085	7549
57951	367
145398	44531
126839	11632
221282	45099
168479	9171
181402	1369
222146	3941
50163	1710
152455	1950
64385	2505
231470	1121
164516	64
42281	5437
222717	8106
256039	50610
86495	2230
62818	899
256332	1629
71629	11061
29433	4848
179253	5592
51248	737
221971	13461
15311	16682
131117	33413
147604	660
204588	660
260720	737
28698	737
48947	2985
96617	4342
215284	8568
254225	804
65521	19320
49849	52434
124299	2426
54042	35775
7403	7677
44659	2580
48913	737
9317	31405
32867	6165
224721	24711
212603	44531
539	737
152650	6557
113450	220
23741	7549
44416	28750
250269	36697
136160	54765
226081	41800
244817	23093
239951	737
107494	6427
231431	1746
260380	2336
9368	46185
204281	1996
17603	21284
62136	9039
10280	42483
183361	8802
57428	1473
7433	737
215948	1473
109972	6062
260565	21
23320	2907
160093	46185
132744	1019
119614	50259
13832	10891
28273	18964
215704	1196
27531	1466
20539	2843
201920	1981
132182	4357
89443	7099
41980	22524
190590	5245
125403	367
52119	4072
237827	3425
207652	23345
156333	34340
142168	7871
134152	4998
32190	735
27803	20
43928	29385
158364	795
10825	1710
16320	11023
68829	1746
75893	1023
226051	824
205041	46185
228620	2171
69699	2580
252404	43727
118649	3549
42021	2899
248921	2412
111298	4540
33161	40294
118624	1784
96697	5592
176974	737
133220	2134
71387	1705
61166	737
240824	5592
155066	2935
154912	54451
59059	995
228714	24820
131173	9981
170305	24820
47244	12302
183380	159
79219	737
19090	2527
111169	737
90507	737
113954	1043
197627	1043
143346	6873
126777	1399
116734	3133
109726	33418
176007	16682
35779	2581
70928	5351
227421	3985
234629	367
225932	737
22201	46159
25259	737
100743	55405
251512	12343
181726	737
43918	24775
5362	24820
10517	4437
55435	169
201255	737
143760	40858
172024	24820
188668	120
235653	737
244484	22186
30565	1196
121299	660
132588	737
230942	737
84050	33413
97719	22957
118320	737
59911	1015
41422	737
171988	26668
98951	982
206492	46310
255299	6222
55829	13799
231127	1474
80770	8085
94028	737
118650	856
183355	1302
102812	26998
190830	3030
49196	35999
151051	1318
102894	8913
196315	27027
252309	1759
81217	8915
107438	3912
62744	59014
147274	44044
126755	737
119902	362
232783	9687
224912	45173
213421	737
138920	10316
106898	33759
113971	1606
124239	737
216442	1221
222278	737
217036	1473
238658	46
77045	16023
128621	737
64831	1981
7155	49011
48839	737
4453	737
221541	1983
86109	22177
146764	59087
28379	44860
188357	24367
40090	34375
40114	6161
90495	737
42229	2468
76360	3433
109123	2527
179854	10655
154497	204
34424	46
94276	2645
212796	24820
80930	981
24532	1784
51304	33420
182728	737
23464	737
237399	737
227398	47679
30677	30477
183469	12132
215552	1036
23131	1809
218125	51202
135759	5013
41488	60769
178222	18886
194789	29385
252166	351
218459	21638
233956	44531
186393	13411
231403	10068
9448	7667
309	3200
66646	3426
96687	737
69104	1400
16854	660
89240	737
12025	737
64283	725
33417	21625
149094	2242
136666	1197
181716	860
27818	737
93087	737
717	367
37981	40316
151	37044
6690	3655
79937	58385
23334	185
195586	10901
2744	48526
237900	660
118927	47776
188293	2755
57118	5351
108553	2306
98960	3200
124533	21639
37935	737
104479	737
252783	1043
75209	737
242956	1549
138859	20826
17984	131
187247	737
87744	3078
41593	32040
41281	1140
204332	737
93767	35041
190879	196
173029	1281
3553	1662
232157	8635
59370	6043
140020	8085
20782	1515
229140	47410
60771	7169
218888	11773
130115	5592
143345	2804
4806	982
102886	1894
20658	6913
121415	737
97223	45158
81301	53105
264539	13464
231390	1153
178771	26668
201542	50052
188731	737
51646	737
107693	362
23268	8463
37730	7549
134026	1729
40985	37094
81112	9902
228607	1492
203771	2014
28209	2405
41804	11626
202002	1022
214230	737
130950	737
47193	3720
198875	57798
3924	2527
147538	737
147375	46185
168972	1710
9463	2145
135648	9039
39338	367
152970	1508
34716	737
243329	58416
129020	2437
106828	737
107889	737
154944	2527
231188	2527
191463	796
136766	42902
181965	28448
189120	1441
107380	3064
204434	44531
34708	2396
153718	7714
54839	17851
15030	24011
152701	1480
260302	44165
58082	737
98815	2522
174125	737
211182	3064
122495	10539
248909	40685
10584	33413
226297	57341
192105	19101
81651	737
214174	16682
165755	32125
118334	2144
66639	737
264613	7952
149611	1152
188392	13026
162299	1369
248983	1147
145306	19101
62385	6165
135921	11544
110613	120
132624	7677
225216	737
25313	2781
238289	4376
12766	33218
193624	5675
228169	6287
241728	737
221761	6913
103140	3442
132815	1015
168981	5302
187428	737
235134	1043
134601	1677
141419	737
27536	27792
181592	10804
64684	23345
160028	4795
102843	4540
244391	1527
117439	737
176604	10498
115798	737
82517	7099
66573	2435
12046	4442
263010	2221
72357	3466
241615	737
73611	2437
119564	6161
160269	38585
253491	29063
69737	3078
16950	41826
17431	24820
31503	2434
19011	737
161272	737
40981	737
177135	36920
186256	2527
43261	25440
218463	2158
242632	1981
160930	1053
232191	737
37831	2935
124078	1221
48577	737
101062	1705
98999	50255
221776	96
261573	39239
36793	7549
245725	1809
98961	737
204651	52565
17087	737
156439	1981
25899	2145
237092	737
64337	39762
